<?xml version="1.0" encoding="utf-8"?>
<COLLADA xmlns="http://www.collada.org/2005/11/COLLADASchema" version="1.4.1">
  <asset><contributor><author>Mixamo</author><authoring_tool>COLLADA Mixamo exporter</authoring_tool><comments></comments></contributor><created>2021-04-13T17:55:19Z</created><modified>2021-04-13T17:55:19Z</modified><revision></revision><title></title><unit meter="0.010000"/><up_axis>Y_UP</up_axis></asset>
  <library_animations>
    <animation id="Hips-anim" name="Hips"><source id="Hips-Matrix-animation-input"><float_array id="Hips-Matrix-animation-input-array" count="260">

0.000000 0.033333 0.066667 0.100000 0.133333 0.166667 0.200000 0.233333 0.266667 0.300000 0.333333 0.366667 0.400000 0.433333 0.466667 0.500000
0.533333 0.566667 0.600000 0.633333 0.666667 0.700000 0.733333 0.766667 0.800000 0.833333 0.866667 0.900000 0.933333 0.966667 1.000000 1.033333
1.066667 1.100000 1.133333 1.166667 1.200000 1.233333 1.266667 1.300000 1.333333 1.366667 1.400000 1.433333 1.466667 1.500000 1.533333 1.566667
1.600000 1.633333 1.666667 1.700000 1.733333 1.766667 1.800000 1.833333 1.866667 1.900000 1.933333 1.966667 2.000000 2.033333 2.066667 2.100000
2.133333 2.166667 2.200000 2.233333 2.266667 2.300000 2.333333 2.366667 2.400000 2.433333 2.466667 2.500000 2.533333 2.566667 2.600000 2.633333
2.666667 2.700000 2.733333 2.766667 2.800000 2.833333 2.866667 2.900000 2.933333 2.966667 3.000000 3.033333 3.066667 3.100000 3.133333 3.166667
3.200000 3.233333 3.266667 3.300000 3.333333 3.366667 3.400000 3.433333 3.466667 3.500000 3.533333 3.566667 3.600000 3.633333 3.666667 3.700000
3.733333 3.766667 3.800000 3.833333 3.866667 3.900000 3.933333 3.966667 4.000000 4.033333 4.066667 4.100000 4.133333 4.166667 4.200000 4.233333
4.266667 4.300000 4.333333 4.366667 4.400000 4.433333 4.466667 4.500000 4.533333 4.566667 4.600000 4.633333 4.666667 4.700000 4.733333 4.766667
4.800000 4.833333 4.866667 4.900000 4.933333 4.966667 5.000000 5.033333 5.066667 5.100000 5.133333 5.166667 5.200000 5.233333 5.266667 5.300000
5.333333 5.366667 5.400000 5.433333 5.466667 5.500000 5.533333 5.566667 5.600000 5.633333 5.666667 5.700000 5.733333 5.766667 5.800000 5.833333
5.866667 5.900000 5.933333 5.966667 6.000000 6.033333 6.066667 6.100000 6.133333 6.166667 6.200000 6.233333 6.266667 6.300000 6.333333 6.366667
6.400000 6.433333 6.466667 6.500000 6.533333 6.566667 6.600000 6.633333 6.666667 6.700000 6.733333 6.766667 6.800000 6.833333 6.866667 6.900000
6.933333 6.966667 7.000000 7.033333 7.066667 7.100000 7.133333 7.166667 7.200000 7.233333 7.266667 7.300000 7.333333 7.366667 7.400000 7.433333
7.466667 7.500000 7.533333 7.566667 7.600000 7.633333 7.666667 7.700000 7.733333 7.766667 7.800000 7.833333 7.866667 7.900000 7.933333 7.966667
8.000000 8.033333 8.066667 8.100000 8.133333 8.166667 8.200000 8.233333 8.266667 8.300000 8.333333 8.366667 8.400000 8.433333 8.466667 8.500000
8.533333 8.566667 8.600000 8.633333</float_array><technique_common><accessor source="#Hips-Matrix-animation-input-array" count="260"><param name="TIME" type="float"/></accessor></technique_common></source><source id="Hips-Matrix-animation-output-transform"><float_array id="Hips-Matrix-animation-output-transform-array" count="4160">

0.999746 0.021208 -0.007598 0.069658 -0.020850 0.998794 0.044441 81.171677 0.008532 -0.044271 0.998983 0.768279 0.000000 0.000000 0.000000 1.000000
0.999712 0.022704 -0.007788 0.198249 -0.022333 0.998745 0.044829 81.145470 0.008796 -0.044642 0.998964 0.753140 0.000000 0.000000 0.000000 1.000000
0.999688 0.023804 -0.007594 0.314527 -0.023436 0.998692 0.045438 81.135963 0.008666 -0.045246 0.998938 0.780579 0.000000 0.000000 0.000000 1.000000
0.999671 0.024631 -0.007167 0.416627 -0.024273 0.998634 0.046276 81.123192 0.008297 -0.046087 0.998903 0.820664 0.000000 0.000000 0.000000 1.000000
0.999651 0.025595 -0.006591 0.507734 -0.025257 0.998569 0.047135 81.089523 0.007788 -0.046952 0.998867 0.857659 0.000000 0.000000 0.000000 1.000000
0.999623 0.026779 -0.006002 0.587578 -0.026461 0.998500 0.047924 81.036369 0.007276 -0.047748 0.998833 0.890181 0.000000 0.000000 0.000000 1.000000
0.999594 0.027934 -0.005543 0.654379 -0.027631 0.998434 0.048648 80.973282 0.006893 -0.048475 0.998801 0.919124 0.000000 0.000000 0.000000 1.000000
0.999572 0.028797 -0.005248 0.706241 -0.028504 0.998379 0.049273 80.907570 0.006658 -0.049103 0.998772 0.945518 0.000000 0.000000 0.000000 1.000000
0.999557 0.029327 -0.005109 0.741767 -0.029037 0.998340 0.049743 80.842194 0.006559 -0.049573 0.998749 0.969366 0.000000 0.000000 0.000000 1.000000
0.999546 0.029678 -0.005203 0.762742 -0.029381 0.998314 0.050050 80.777664 0.006679 -0.049875 0.998733 0.989534 0.000000 0.000000 0.000000 1.000000
0.999534 0.030001 -0.005626 0.774309 -0.029682 0.998297 0.050224 80.714851 0.007123 -0.050034 0.998722 1.004637 0.000000 0.000000 0.000000 1.000000
0.999519 0.030353 -0.006362 0.779739 -0.029995 0.998283 0.050318 80.657883 0.007878 -0.050103 0.998713 1.013361 0.000000 0.000000 0.000000 1.000000
0.999501 0.030745 -0.007230 0.779320 -0.030342 0.998265 0.050452 80.613022 0.008769 -0.050207 0.998700 1.016127 0.000000 0.000000 0.000000 1.000000
0.999480 0.031224 -0.008019 0.773072 -0.030777 0.998235 0.050783 80.582642 0.009590 -0.050509 0.998678 1.016394 0.000000 0.000000 0.000000 1.000000
0.999456 0.031814 -0.008657 0.761407 -0.031328 0.998187 0.051393 80.563141 0.010276 -0.051094 0.998641 1.019290 0.000000 0.000000 0.000000 1.000000
0.999431 0.032451 -0.009186 0.744076 -0.031928 0.998125 0.052229 80.546127 0.010863 -0.051906 0.998593 1.027552 0.000000 0.000000 0.000000 1.000000
0.999409 0.032985 -0.009673 0.720284 -0.032427 0.998061 0.053129 80.522903 0.011407 -0.052784 0.998541 1.039048 0.000000 0.000000 0.000000 1.000000
0.999394 0.033272 -0.010182 0.689388 -0.032676 0.998009 0.053950 80.494537 0.011956 -0.053584 0.998492 1.049951 0.000000 0.000000 0.000000 1.000000
0.999388 0.033306 -0.010709 0.651456 -0.032673 0.997967 0.054718 80.472176 0.012509 -0.054335 0.998444 1.059456 0.000000 0.000000 0.000000 1.000000
0.999385 0.033237 -0.011177 0.607325 -0.032568 0.997925 0.055552 80.462692 0.013000 -0.055154 0.998393 1.068954 0.000000 0.000000 0.000000 1.000000
0.999382 0.033221 -0.011506 0.557978 -0.032521 0.997877 0.056425 80.460297 0.013356 -0.056016 0.998341 1.078314 0.000000 0.000000 0.000000 1.000000
0.999377 0.033309 -0.011689 0.503902 -0.032589 0.997832 0.057186 80.454063 0.013569 -0.056769 0.998295 1.085257 0.000000 0.000000 0.000000 1.000000
0.999372 0.033413 -0.011799 0.444735 -0.032678 0.997793 0.057798 80.441650 0.013704 -0.057376 0.998259 1.087693 0.000000 0.000000 0.000000 1.000000
0.999372 0.033369 -0.011914 0.379852 -0.032620 0.997762 0.058361 80.430145 0.013835 -0.057936 0.998224 1.085016 0.000000 0.000000 0.000000 1.000000
0.999379 0.033114 -0.012041 0.309120 -0.032350 0.997739 0.058909 80.424164 0.013965 -0.058483 0.998191 1.077712 0.000000 0.000000 0.000000 1.000000
0.999391 0.032729 -0.012124 0.233154 -0.031955 0.997728 0.059308 80.422165 0.014038 -0.058885 0.998166 1.067019 0.000000 0.000000 0.000000 1.000000
0.999405 0.032277 -0.012145 0.152461 -0.031502 0.997740 0.059351 80.423088 0.014033 -0.058933 0.998163 1.054342 0.000000 0.000000 0.000000 1.000000
0.999422 0.031758 -0.012142 0.067058 -0.030990 0.997780 0.058945 80.429291 0.013987 -0.058534 0.998187 1.040046 0.000000 0.000000 0.000000 1.000000
0.999439 0.031234 -0.012122 -0.022664 -0.030478 0.997840 0.058198 80.442322 0.013914 -0.057796 0.998231 1.022878 0.000000 0.000000 0.000000 1.000000
0.999454 0.030773 -0.012038 -0.116188 -0.030035 0.997905 0.057306 80.459274 0.013776 -0.056913 0.998284 1.000853 0.000000 0.000000 0.000000 1.000000
0.999471 0.030264 -0.011891 -0.214008 -0.029548 0.997973 0.056365 80.477333 0.013573 -0.055984 0.998339 0.972585 0.000000 0.000000 0.000000 1.000000
0.999497 0.029437 -0.011758 -0.317527 -0.028743 0.998054 0.055332 80.500648 0.013364 -0.054966 0.998399 0.938319 0.000000 0.000000 0.000000 1.000000
0.999535 0.028224 -0.011584 -0.427103 -0.027556 0.998149 0.054207 80.537537 0.013093 -0.053862 0.998463 0.900971 0.000000 0.000000 0.000000 1.000000
0.999576 0.026917 -0.011091 -0.541005 -0.026292 0.998240 0.053160 80.588432 0.012503 -0.052846 0.998524 0.865068 0.000000 0.000000 0.000000 1.000000
0.999615 0.025829 -0.010104 -0.657544 -0.025266 0.998310 0.052330 80.641731 0.011439 -0.052055 0.998579 0.833011 0.000000 0.000000 0.000000 1.000000
0.999649 0.024949 -0.008860 -0.776839 -0.024460 0.998368 0.051606 80.687675 0.010133 -0.051372 0.998628 0.803808 0.000000 0.000000 0.000000 1.000000
0.999681 0.024053 -0.007769 -0.899950 -0.023629 0.998433 0.050731 80.730148 0.008977 -0.050531 0.998682 0.775586 0.000000 0.000000 0.000000 1.000000
0.999711 0.023019 -0.006998 -1.027364 -0.022644 0.998514 0.049561 80.777634 0.008129 -0.049389 0.998747 0.747771 0.000000 0.000000 0.000000 1.000000
0.999738 0.021966 -0.006500 -1.159706 -0.021628 0.998602 0.048233 80.829720 0.007551 -0.048080 0.998815 0.721187 0.000000 0.000000 0.000000 1.000000
0.999758 0.021089 -0.006273 -1.297127 -0.020771 0.998676 0.047054 80.878006 0.007257 -0.046913 0.998873 0.697034 0.000000 0.000000 0.000000 1.000000
0.999772 0.020398 -0.006330 -1.438529 -0.020085 0.998729 0.046224 80.916466 0.007265 -0.046086 0.998911 0.675750 0.000000 0.000000 0.000000 1.000000
0.999785 0.019676 -0.006542 -1.584238 -0.019357 0.998768 0.045700 80.949341 0.007433 -0.045564 0.998934 0.657173 0.000000 0.000000 0.000000 1.000000
0.999802 0.018729 -0.006740 -1.734925 -0.018405 0.998802 0.045350 80.987091 0.007581 -0.045217 0.998948 0.642382 0.000000 0.000000 0.000000 1.000000
0.999822 0.017538 -0.006902 -1.890084 -0.017210 0.998834 0.045109 81.034462 0.007685 -0.044982 0.998958 0.634524 0.000000 0.000000 0.000000 1.000000
0.999845 0.016123 -0.007030 -2.049166 -0.015791 0.998864 0.044953 81.087845 0.007747 -0.044836 0.998964 0.636273 0.000000 0.000000 0.000000 1.000000
0.999871 0.014468 -0.006941 -2.211677 -0.014142 0.998893 0.044860 81.143494 0.007583 -0.044756 0.998969 0.646786 0.000000 0.000000 0.000000 1.000000
0.999900 0.012597 -0.006420 -2.376918 -0.012297 0.998920 0.044815 81.202042 0.006977 -0.044731 0.998975 0.661988 0.000000 0.000000 0.000000 1.000000
0.999928 0.010599 -0.005540 -2.543999 -0.010340 0.998943 0.044781 81.265594 0.006009 -0.044721 0.998981 0.678590 0.000000 0.000000 0.000000 1.000000
0.999953 0.008558 -0.004603 -2.712191 -0.008344 0.998964 0.044739 81.334793 0.004981 -0.044699 0.998988 0.697257 0.000000 0.000000 0.000000 1.000000
0.999972 0.006481 -0.003824 -2.881171 -0.006304 0.998980 0.044709 81.406715 0.004109 -0.044683 0.998993 0.721831 0.000000 0.000000 0.000000 1.000000
0.999985 0.004369 -0.003220 -3.050575 -0.004221 0.998991 0.044703 81.471100 0.003412 -0.044689 0.998995 0.755484 0.000000 0.000000 0.000000 1.000000
0.999994 0.002301 -0.002749 -3.219459 -0.002176 0.998998 0.044707 81.515717 0.002849 -0.044701 0.998996 0.796570 0.000000 0.000000 0.000000 1.000000
0.999997 0.000322 -0.002417 -3.387147 -0.000214 0.999004 0.044629 81.538055 0.002429 -0.044628 0.999001 0.838952 0.000000 0.000000 0.000000 1.000000
0.999996 -0.001693 -0.002136 -3.553876 0.001786 0.999013 0.044375 81.546928 0.002059 -0.044379 0.999013 0.876464 0.000000 0.000000 0.000000 1.000000
0.999991 -0.003891 -0.001592 -3.720067 0.003957 0.999024 0.044001 81.551239 0.001419 -0.044007 0.999030 0.906415 0.000000 0.000000 0.000000 1.000000
0.999981 -0.006223 -0.000475 -3.884993 0.006238 0.999026 0.043674 81.551025 0.000203 -0.043676 0.999046 0.930320 0.000000 0.000000 0.000000 1.000000
0.999963 -0.008470 0.001175 -4.047110 0.008411 0.999017 0.043530 81.541206 -0.001543 -0.043519 0.999051 0.951510 0.000000 0.000000 0.000000 1.000000
0.999941 -0.010389 0.003082 -4.204680 0.010244 0.998996 0.043614 81.520935 -0.003532 -0.043580 0.999044 0.971732 0.000000 0.000000 0.000000 1.000000
0.999919 -0.011769 0.004932 -4.351589 0.011541 0.998971 0.043852 81.502792 -0.005443 -0.043792 0.999026 0.988327 0.000000 0.000000 0.000000 1.000000
0.999900 -0.012609 0.006446 -4.478749 0.012313 0.998954 0.044034 81.496277 -0.006994 -0.043950 0.999009 0.996088 0.000000 0.000000 0.000000 1.000000
0.999883 -0.013062 0.007937 -4.604816 0.012699 0.998944 0.044165 81.485413 -0.008506 -0.044059 0.998993 0.998099 0.000000 0.000000 0.000000 1.000000
0.999867 -0.013228 0.009545 -4.728074 0.012792 0.998935 0.044321 81.467590 -0.010121 -0.044193 0.998972 0.994750 0.000000 0.000000 0.000000 1.000000
0.999851 -0.013185 0.011114 -4.848287 0.012678 0.998929 0.044503 81.443710 -0.011689 -0.044356 0.998947 0.986679 0.000000 0.000000 0.000000 1.000000
0.999839 -0.012983 0.012373 -4.965147 0.012419 0.998925 0.044664 81.411011 -0.012940 -0.044503 0.998925 0.974828 0.000000 0.000000 0.000000 1.000000
0.999831 -0.012720 0.013269 -5.078768 0.012114 0.998922 0.044820 81.367203 -0.013825 -0.044651 0.998907 0.959260 0.000000 0.000000 0.000000 1.000000
0.999828 -0.012402 0.013825 -5.189090 0.011769 0.998920 0.044957 81.311478 -0.014367 -0.044787 0.998893 0.939802 0.000000 0.000000 0.000000 1.000000
0.999829 -0.011930 0.014112 -5.295640 0.011283 0.998920 0.045082 81.244896 -0.014635 -0.044915 0.998884 0.917495 0.000000 0.000000 0.000000 1.000000
0.999834 -0.011272 0.014291 -5.398394 0.010615 0.998918 0.045286 81.172409 -0.014786 -0.045127 0.998872 0.894521 0.000000 0.000000 0.000000 1.000000
0.999839 -0.010480 0.014534 -5.496961 0.009807 0.998909 0.045658 81.099159 -0.014997 -0.045508 0.998851 0.872876 0.000000 0.000000 0.000000 1.000000
0.999842 -0.009625 0.014961 -5.590818 0.008924 0.998892 0.046200 81.027870 -0.015389 -0.046059 0.998820 0.853148 0.000000 0.000000 0.000000 1.000000
0.999839 -0.008795 0.015670 -5.680731 0.008052 0.998870 0.046831 80.955673 -0.016065 -0.046698 0.998780 0.835051 0.000000 0.000000 0.000000 1.000000
0.999828 -0.008090 0.016694 -5.768236 0.007290 0.998847 0.047450 80.880684 -0.017059 -0.047320 0.998734 0.817275 0.000000 0.000000 0.000000 1.000000
0.999812 -0.007517 0.017870 -5.849463 0.006652 0.998826 0.047983 80.803497 -0.018209 -0.047855 0.998688 0.797865 0.000000 0.000000 0.000000 1.000000
0.999795 -0.007019 0.018973 -5.913307 0.006093 0.998809 0.048407 80.728401 -0.019290 -0.048281 0.998648 0.776384 0.000000 0.000000 0.000000 1.000000
0.999781 -0.006578 0.019875 -5.951054 0.005602 0.998794 0.048775 80.661522 -0.020172 -0.048653 0.998612 0.754854 0.000000 0.000000 0.000000 1.000000
0.999768 -0.006205 0.020606 -5.966347 0.005185 0.998777 0.049160 80.608894 -0.020886 -0.049041 0.998578 0.735697 0.000000 0.000000 0.000000 1.000000
0.999757 -0.005885 0.021235 -5.965488 0.004826 0.998758 0.049581 80.576126 -0.021501 -0.049467 0.998544 0.719396 0.000000 0.000000 0.000000 1.000000
0.999747 -0.005620 0.021795 -5.953741 0.004523 0.998737 0.050031 80.564476 -0.022049 -0.049919 0.998510 0.705585 0.000000 0.000000 0.000000 1.000000
0.999738 -0.005387 0.022246 -5.931896 0.004259 0.998717 0.050455 80.570045 -0.022490 -0.050347 0.998479 0.694750 0.000000 0.000000 0.000000 1.000000
0.999733 -0.005073 0.022560 -5.899008 0.003922 0.998704 0.050741 80.586914 -0.022788 -0.050639 0.998457 0.687379 0.000000 0.000000 0.000000 1.000000
0.999730 -0.004559 0.022772 -5.854841 0.003397 0.998703 0.050795 80.605293 -0.022974 -0.050704 0.998449 0.682730 0.000000 0.000000 0.000000 1.000000
0.999730 -0.003868 0.022929 -5.800025 0.002705 0.998718 0.050544 80.621262 -0.023095 -0.050468 0.998459 0.678524 0.000000 0.000000 0.000000 1.000000
0.999730 -0.003137 0.023033 -5.731988 0.001983 0.998750 0.049950 80.637650 -0.023161 -0.049891 0.998486 0.672409 0.000000 0.000000 0.000000 1.000000
0.999731 -0.002518 0.023056 -5.654399 0.001386 0.998798 0.049004 80.661781 -0.023152 -0.048958 0.998532 0.663370 0.000000 0.000000 0.000000 1.000000
0.999734 -0.002084 0.022989 -5.568860 0.000985 0.998859 0.047744 80.697922 -0.023062 -0.047709 0.998595 0.651392 0.000000 0.000000 0.000000 1.000000
0.999738 -0.001823 0.022818 -5.475344 0.000765 0.998928 0.046274 80.741203 -0.022877 -0.046245 0.998668 0.636853 0.000000 0.000000 0.000000 1.000000
0.999745 -0.001695 0.022506 -5.374090 0.000686 0.998998 0.044743 80.784073 -0.022559 -0.044716 0.998745 0.620337 0.000000 0.000000 0.000000 1.000000
0.999757 -0.001663 0.021991 -5.265156 0.000710 0.999064 0.043257 80.819489 -0.022042 -0.043231 0.998822 0.603520 0.000000 0.000000 0.000000 1.000000
0.999773 -0.001624 0.021239 -5.149364 0.000733 0.999122 0.041890 80.844879 -0.021288 -0.041865 0.998896 0.588053 0.000000 0.000000 0.000000 1.000000
0.999794 -0.001478 0.020228 -5.027340 0.000653 0.999170 0.040726 80.858452 -0.020271 -0.040705 0.998966 0.574580 0.000000 0.000000 0.000000 1.000000
0.999820 -0.001223 0.018956 -4.900682 0.000468 0.999208 0.039790 80.872787 -0.018990 -0.039774 0.999028 0.561817 0.000000 0.000000 0.000000 1.000000
0.999847 -0.000887 0.017466 -4.770538 0.000206 0.999240 0.038979 80.891357 -0.017487 -0.038970 0.999087 0.549134 0.000000 0.000000 0.000000 1.000000
0.999874 -0.000464 0.015893 -4.637851 -0.000143 0.999271 0.038170 80.918549 -0.015899 -0.038168 0.999145 0.536394 0.000000 0.000000 0.000000 1.000000
0.999896 0.000025 0.014413 -4.502729 -0.000563 0.999302 0.037340 80.951851 -0.014402 -0.037344 0.999199 0.523862 0.000000 0.000000 0.000000 1.000000
0.999912 0.000474 0.013223 -4.365878 -0.000957 0.999333 0.036495 80.988770 -0.013197 -0.036505 0.999246 0.511030 0.000000 0.000000 0.000000 1.000000
0.999922 0.000840 0.012424 -4.227978 -0.001282 0.999366 0.035570 81.029320 -0.012386 -0.035584 0.999290 0.497935 0.000000 0.000000 0.000000 1.000000
0.999928 0.001163 0.011965 -4.089581 -0.001574 0.999405 0.034443 81.078262 -0.011918 -0.034460 0.999335 0.483951 0.000000 0.000000 0.000000 1.000000
0.999931 0.001494 0.011677 -3.950888 -0.001879 0.999451 0.033079 81.136688 -0.011621 -0.033099 0.999385 0.469018 0.000000 0.000000 0.000000 1.000000
0.999933 0.001843 0.011415 -3.811931 -0.002202 0.999500 0.031526 81.202873 -0.011351 -0.031549 0.999438 0.453678 0.000000 0.000000 0.000000 1.000000
0.999936 0.002230 0.011131 -3.672525 -0.002562 0.999551 0.029840 81.273804 -0.011059 -0.029867 0.999493 0.439400 0.000000 0.000000 0.000000 1.000000
0.999938 0.002694 0.010844 -3.532103 -0.002999 0.999598 0.028191 81.342537 -0.010764 -0.028222 0.999544 0.429236 0.000000 0.000000 0.000000 1.000000
0.999938 0.003248 0.010662 -3.390189 -0.003533 0.999635 0.026799 81.402504 -0.010571 -0.026835 0.999584 0.426452 0.000000 0.000000 0.000000 1.000000
0.999936 0.003851 0.010647 -3.246873 -0.004124 0.999660 0.025736 81.449478 -0.010544 -0.025778 0.999612 0.432440 0.000000 0.000000 0.000000 1.000000
0.999933 0.004372 0.010751 -3.103256 -0.004638 0.999681 0.024841 81.484108 -0.010639 -0.024889 0.999634 0.447164 0.000000 0.000000 0.000000 1.000000
0.999931 0.004831 0.010750 -2.959420 -0.005087 0.999700 0.023963 81.510506 -0.010631 -0.024016 0.999655 0.468949 0.000000 0.000000 0.000000 1.000000
0.999931 0.005394 0.010391 -2.814823 -0.005633 0.999717 0.023129 81.532997 -0.010263 -0.023186 0.999679 0.497058 0.000000 0.000000 0.000000 1.000000
0.999935 0.006204 0.009542 -2.667981 -0.006417 0.999726 0.022493 81.555008 -0.009400 -0.022553 0.999701 0.530633 0.000000 0.000000 0.000000 1.000000
0.999939 0.007290 0.008290 -2.517956 -0.007473 0.999724 0.022255 81.579521 -0.008126 -0.022316 0.999718 0.568653 0.000000 0.000000 0.000000 1.000000
0.999940 0.008579 0.006820 -2.364301 -0.008730 0.999708 0.022527 81.608521 -0.006624 -0.022585 0.999723 0.609108 0.000000 0.000000 0.000000 1.000000
0.999937 0.009911 0.005290 -2.207951 -0.010031 0.999680 0.023209 81.641251 -0.005058 -0.023260 0.999717 0.649256 0.000000 0.000000 0.000000 1.000000
0.999931 0.011089 0.003760 -2.049567 -0.011176 0.999648 0.024058 81.673561 -0.003492 -0.024098 0.999703 0.686132 0.000000 0.000000 0.000000 1.000000
0.999924 0.012093 0.002253 -1.888851 -0.012145 0.999616 0.024924 81.700966 -0.001951 -0.024949 0.999687 0.719122 0.000000 0.000000 0.000000 1.000000
0.999914 0.013062 0.000765 -1.724630 -0.013078 0.999581 0.025830 81.722549 -0.000427 -0.025838 0.999666 0.749398 0.000000 0.000000 0.000000 1.000000
0.999900 0.014089 -0.000765 -1.555598 -0.014063 0.999543 0.026767 81.740837 0.001142 -0.026753 0.999641 0.776812 0.000000 0.000000 0.000000 1.000000
0.999882 0.015178 -0.002417 -1.381403 -0.015105 0.999504 0.027620 81.759811 0.002835 -0.027580 0.999616 0.799328 0.000000 0.000000 0.000000 1.000000
0.999857 0.016351 -0.004293 -1.202467 -0.016223 0.999468 0.028304 81.779953 0.004753 -0.028231 0.999590 0.815167 0.000000 0.000000 0.000000 1.000000
0.999824 0.017614 -0.006431 -1.019598 -0.017422 0.999432 0.028859 81.798409 0.006936 -0.028742 0.999563 0.824486 0.000000 0.000000 0.000000 1.000000
0.999782 0.018943 -0.008817 -0.832543 -0.018676 0.999393 0.029400 81.810410 0.009369 -0.029229 0.999529 0.828243 0.000000 0.000000 0.000000 1.000000
0.999734 0.020166 -0.011156 -0.656356 -0.019823 0.999353 0.030006 81.813423 0.011754 -0.029777 0.999487 0.826399 0.000000 0.000000 0.000000 1.000000
0.999679 0.021433 -0.013518 -0.478806 -0.021009 0.999306 0.030763 81.801376 0.014168 -0.030469 0.999435 0.816861 0.000000 0.000000 0.000000 1.000000
0.999619 0.022618 -0.015813 -0.295925 -0.022109 0.999254 0.031652 81.775368 0.016517 -0.031290 0.999374 0.799366 0.000000 0.000000 0.000000 1.000000
0.999559 0.023690 -0.017932 -0.109207 -0.023094 0.999197 0.032731 81.738876 0.018693 -0.032302 0.999303 0.775508 0.000000 0.000000 0.000000 1.000000
0.999497 0.024679 -0.019894 0.080343 -0.023994 0.999135 0.033964 81.694115 0.020715 -0.033470 0.999225 0.746481 0.000000 0.000000 0.000000 1.000000
0.999437 0.025586 -0.021713 0.271621 -0.024810 0.999070 0.035251 81.642250 0.022595 -0.034692 0.999143 0.713571 0.000000 0.000000 0.000000 1.000000
0.999375 0.026480 -0.023431 0.463830 -0.025615 0.999006 0.036489 81.584976 0.024374 -0.035866 0.999059 0.677957 0.000000 0.000000 0.000000 1.000000
0.999309 0.027449 -0.025077 0.655457 -0.026496 0.998942 0.037582 81.527290 0.026082 -0.036892 0.998979 0.638921 0.000000 0.000000 0.000000 1.000000
0.999237 0.028513 -0.026686 0.845553 -0.027475 0.998882 0.038466 81.472794 0.027753 -0.037703 0.998904 0.597052 0.000000 0.000000 0.000000 1.000000
0.999158 0.029653 -0.028350 1.033342 -0.028531 0.998824 0.039187 81.422050 0.029479 -0.038345 0.998830 0.552128 0.000000 0.000000 0.000000 1.000000
0.999069 0.030922 -0.030067 1.218290 -0.029713 0.998764 0.039838 81.371635 0.031261 -0.038908 0.998754 0.505356 0.000000 0.000000 0.000000 1.000000
0.998966 0.032383 -0.031911 1.399108 -0.031082 0.998697 0.040478 81.317253 0.033180 -0.039444 0.998671 0.457289 0.000000 0.000000 0.000000 1.000000
0.998852 0.033987 -0.033758 1.574816 -0.032585 0.998618 0.041244 81.254501 0.035113 -0.040096 0.998579 0.409397 0.000000 0.000000 0.000000 1.000000
0.998734 0.035681 -0.035465 1.743949 -0.034176 0.998526 0.042157 81.180557 0.036917 -0.040891 0.998481 0.362248 0.000000 0.000000 0.000000 1.000000
0.998617 0.037363 -0.036987 1.906324 -0.035757 0.998428 0.043170 81.095573 0.038541 -0.041788 0.998383 0.315532 0.000000 0.000000 0.000000 1.000000
0.998505 0.038901 -0.038399 2.062283 -0.037193 0.998328 0.044239 81.000618 0.040056 -0.042745 0.998283 0.269262 0.000000 0.000000 0.000000 1.000000
0.998399 0.040250 -0.039743 2.210395 -0.038445 0.998239 0.045179 80.899918 0.041492 -0.043579 0.998188 0.223907 0.000000 0.000000 0.000000 1.000000
0.998293 0.041473 -0.041115 2.348064 -0.039571 0.998156 0.046031 80.803604 0.042948 -0.044326 0.998094 0.180163 0.000000 0.000000 0.000000 1.000000
0.998190 0.042503 -0.042546 2.474051 -0.040502 0.998082 0.046823 80.714439 0.044454 -0.045015 0.997997 0.139232 0.000000 0.000000 0.000000 1.000000
0.998090 0.043371 -0.043999 2.586047 -0.041270 0.998014 0.047586 80.645233 0.045976 -0.045679 0.997898 0.102406 0.000000 0.000000 0.000000 1.000000
0.997997 0.044085 -0.045380 2.682821 -0.041883 0.997951 0.048376 80.597816 0.047420 -0.046378 0.997798 0.071123 0.000000 0.000000 0.000000 1.000000
0.997917 0.044661 -0.046562 2.763696 -0.042362 0.997888 0.049235 80.562645 0.048663 -0.047160 0.997701 0.046132 0.000000 0.000000 0.000000 1.000000
0.997859 0.045025 -0.047446 2.828318 -0.042644 0.997836 0.050046 80.530609 0.049597 -0.047915 0.997619 0.028216 0.000000 0.000000 0.000000 1.000000
0.997826 0.045191 -0.047977 2.876323 -0.042754 0.997800 0.050659 80.497849 0.050161 -0.048498 0.997563 0.016443 0.000000 0.000000 0.000000 1.000000
0.997816 0.045163 -0.048202 2.906388 -0.042698 0.997786 0.050989 80.468521 0.050398 -0.048819 0.997535 0.009412 0.000000 0.000000 0.000000 1.000000
0.997829 0.044890 -0.048199 2.917819 -0.042425 0.997798 0.050989 80.448265 0.050382 -0.048833 0.997535 0.005315 0.000000 0.000000 0.000000 1.000000
0.997857 0.044381 -0.048077 2.909847 -0.041937 0.997833 0.050699 80.440712 0.050223 -0.048575 0.997556 0.002953 0.000000 0.000000 0.000000 1.000000
0.997898 0.043680 -0.047862 2.881829 -0.041270 0.997885 0.050232 80.447739 0.049955 -0.048152 0.997590 0.001383 0.000000 0.000000 0.000000 1.000000
0.997950 0.042821 -0.047553 2.834425 -0.040450 0.997942 0.049748 80.465630 0.049586 -0.047723 0.997629 0.001081 0.000000 0.000000 0.000000 1.000000
0.998015 0.041787 -0.047111 2.768993 -0.039459 0.998003 0.049317 80.492645 0.049078 -0.047360 0.997672 0.001880 0.000000 0.000000 0.000000 1.000000
0.998094 0.040544 -0.046518 2.687136 -0.038264 0.998071 0.048892 80.528984 0.048411 -0.047019 0.997720 0.004335 0.000000 0.000000 0.000000 1.000000
0.998187 0.039114 -0.045752 2.589376 -0.036896 0.998148 0.048359 80.580238 0.047558 -0.046584 0.997782 0.008180 0.000000 0.000000 0.000000 1.000000
0.998290 0.037551 -0.044797 2.476517 -0.035408 0.998234 0.047706 80.650871 0.046509 -0.046038 0.997856 0.013517 0.000000 0.000000 0.000000 1.000000
0.998400 0.035967 -0.043634 2.349378 -0.033912 0.998320 0.046975 80.736702 0.045250 -0.045420 0.997943 0.021015 0.000000 0.000000 0.000000 1.000000
0.998508 0.034454 -0.042369 2.209016 -0.032492 0.998405 0.046162 80.825066 0.043892 -0.044717 0.998035 0.031327 0.000000 0.000000 0.000000 1.000000
0.998604 0.033072 -0.041191 2.056047 -0.031199 0.998486 0.045310 80.909935 0.042627 -0.043961 0.998123 0.043469 0.000000 0.000000 0.000000 1.000000
0.998682 0.031841 -0.040260 1.892389 -0.030045 0.998559 0.044458 80.980576 0.041618 -0.043189 0.998200 0.057980 0.000000 0.000000 0.000000 1.000000
0.998741 0.030730 -0.039652 1.719370 -0.028993 0.998626 0.043653 81.041527 0.040939 -0.042448 0.998260 0.074018 0.000000 0.000000 0.000000 1.000000
0.998783 0.029734 -0.039347 1.538556 -0.028040 0.998685 0.042918 81.093323 0.040571 -0.041762 0.998303 0.091893 0.000000 0.000000 0.000000 1.000000
0.998814 0.028801 -0.039252 1.351212 -0.027137 0.998737 0.042277 81.142220 0.040420 -0.041161 0.998335 0.111726 0.000000 0.000000 0.000000 1.000000
0.998838 0.027879 -0.039316 1.158584 -0.026232 0.998782 0.041792 81.191902 0.040433 -0.040712 0.998352 0.134592 0.000000 0.000000 0.000000 1.000000
0.998862 0.026846 -0.039416 0.962476 -0.025209 0.998822 0.041459 81.243805 0.040483 -0.040419 0.998362 0.159456 0.000000 0.000000 0.000000 1.000000
0.998890 0.025695 -0.039466 0.764609 -0.024066 0.998860 0.041229 81.298088 0.040480 -0.040234 0.998370 0.184297 0.000000 0.000000 0.000000 1.000000
0.998929 0.024349 -0.039339 0.565296 -0.022727 0.998894 0.041150 81.355621 0.040297 -0.040212 0.998378 0.208360 0.000000 0.000000 0.000000 1.000000
0.998976 0.022801 -0.039068 0.365116 -0.021186 0.998923 0.041286 81.412415 0.039967 -0.040416 0.998383 0.231203 0.000000 0.000000 0.000000 1.000000
0.999028 0.021122 -0.038701 0.164487 -0.019513 0.998948 0.041493 81.459938 0.039537 -0.040697 0.998389 0.252767 0.000000 0.000000 0.000000 1.000000
0.999078 0.019465 -0.038259 -0.035795 -0.017864 0.998968 0.041752 81.490845 0.039032 -0.041030 0.998395 0.271826 0.000000 0.000000 0.000000 1.000000
0.999131 0.017874 -0.037661 -0.235441 -0.016289 0.998985 0.041998 81.503479 0.038374 -0.041348 0.998408 0.288525 0.000000 0.000000 0.000000 1.000000
0.999184 0.016361 -0.036924 -0.433269 -0.014802 0.999003 0.042107 81.503716 0.037576 -0.041526 0.998431 0.302518 0.000000 0.000000 0.000000 1.000000
0.999239 0.014869 -0.036050 -0.627958 -0.013348 0.999026 0.042065 81.502350 0.036641 -0.041552 0.998464 0.314798 0.000000 0.000000 0.000000 1.000000
0.999294 0.013363 -0.035107 -0.818405 -0.011889 0.999053 0.041860 81.505951 0.035633 -0.041413 0.998507 0.326754 0.000000 0.000000 0.000000 1.000000
0.999347 0.011960 -0.034105 -1.003348 -0.010541 0.999083 0.041493 81.514389 0.034570 -0.041106 0.998557 0.338919 0.000000 0.000000 0.000000 1.000000
0.999399 0.010688 -0.032974 -1.181503 -0.009328 0.999111 0.041117 81.519516 0.033384 -0.040785 0.998610 0.350481 0.000000 0.000000 0.000000 1.000000
0.999451 0.009552 -0.031712 -1.352189 -0.008254 0.999133 0.040812 81.513229 0.032074 -0.040528 0.998663 0.360093 0.000000 0.000000 0.000000 1.000000
0.999505 0.008381 -0.030320 -1.517809 -0.007147 0.999150 0.040597 81.495605 0.030635 -0.040360 0.998715 0.366711 0.000000 0.000000 0.000000 1.000000
0.999569 0.006594 -0.028595 -1.728433 -0.005439 0.999173 0.040293 81.493988 0.028837 -0.040120 0.998779 0.379909 0.000000 0.000000 0.000000 1.000000
0.999630 0.004661 -0.026790 -1.935705 -0.003588 0.999195 0.039955 81.502121 0.026955 -0.039844 0.998842 0.383851 0.000000 0.000000 0.000000 1.000000
0.999682 0.002868 -0.025060 -2.138111 -0.001871 0.999210 0.039709 81.524063 0.025154 -0.039650 0.998897 0.378659 0.000000 0.000000 0.000000 1.000000
0.999722 0.001458 -0.023550 -2.333498 -0.000522 0.999212 0.039686 81.553658 0.023589 -0.039663 0.998935 0.367281 0.000000 0.000000 0.000000 1.000000
0.999751 0.000442 -0.022326 -2.521296 0.000448 0.999205 0.039873 81.577850 0.022326 -0.039873 0.998955 0.352591 0.000000 0.000000 0.000000 1.000000
0.999772 -0.000412 -0.021335 -2.702879 0.001268 0.999194 0.040119 81.588211 0.021302 -0.040137 0.998967 0.335844 0.000000 0.000000 0.000000 1.000000
0.999789 -0.001322 -0.020485 -2.879720 0.002147 0.999184 0.040322 81.586937 0.020415 -0.040358 0.998977 0.316583 0.000000 0.000000 0.000000 1.000000
0.999803 -0.002336 -0.019691 -3.051834 0.003132 0.999175 0.040490 81.579750 0.019580 -0.040544 0.998986 0.293458 0.000000 0.000000 0.000000 1.000000
0.999817 -0.003300 -0.018867 -3.218249 0.004065 0.999164 0.040672 81.569450 0.018717 -0.040742 0.998994 0.264159 0.000000 0.000000 0.000000 1.000000
0.999832 -0.003973 -0.017905 -3.377448 0.004701 0.999155 0.040840 81.553558 0.017727 -0.040917 0.999005 0.226243 0.000000 0.000000 0.000000 1.000000
0.999851 -0.004251 -0.016746 -3.528635 0.004933 0.999152 0.040882 81.526321 0.016558 -0.040958 0.999024 0.179498 0.000000 0.000000 0.000000 1.000000
0.999873 -0.004155 -0.015376 -3.672151 0.004779 0.999155 0.040834 81.483582 0.015193 -0.040902 0.999048 0.126925 0.000000 0.000000 0.000000 1.000000
0.999897 -0.003852 -0.013808 -3.809189 0.004413 0.999156 0.040847 81.427521 0.013639 -0.040904 0.999070 0.072073 0.000000 0.000000 0.000000 1.000000
0.999922 -0.003546 -0.012004 -3.941133 0.004036 0.999151 0.041009 81.365898 0.011848 -0.041054 0.999087 0.017752 0.000000 0.000000 0.000000 1.000000
0.999945 -0.003277 -0.009926 -4.067792 0.003685 0.999137 0.041363 81.306618 0.009782 -0.041397 0.999095 -0.034546 0.000000 0.000000 0.000000 1.000000
0.999967 -0.002958 -0.007606 -4.189045 0.003273 0.999121 0.041798 81.254944 0.007475 -0.041821 0.999097 -0.083324 0.000000 0.000000 0.000000 1.000000
0.999984 -0.002473 -0.004996 -4.303968 0.002681 0.999106 0.042183 81.214661 0.004887 -0.042196 0.999097 -0.127229 0.000000 0.000000 0.000000 1.000000
0.999997 -0.001822 -0.001911 -4.412399 0.001901 0.999093 0.042540 81.185738 0.001831 -0.042543 0.999093 -0.164935 0.000000 0.000000 0.000000 1.000000
0.999998 -0.001114 0.001787 -4.514925 0.001036 0.999078 0.042929 81.156715 -0.001833 -0.042927 0.999077 -0.194993 0.000000 0.000000 0.000000 1.000000
0.999982 -0.000522 0.006018 -4.612367 0.000260 0.999056 0.043451 81.112854 -0.006035 -0.043449 0.999037 -0.217141 0.000000 0.000000 0.000000 1.000000
0.999945 -0.000130 0.010472 -4.705252 -0.000332 0.999025 0.044153 81.050430 -0.010467 -0.044154 0.998970 -0.232723 0.000000 0.000000 0.000000 1.000000
0.999891 0.000014 0.014761 -4.793912 -0.000678 0.998987 0.044991 80.980263 -0.014745 -0.044996 0.998878 -0.244428 0.000000 0.000000 0.000000 1.000000
0.999825 -0.000089 0.018716 -4.878506 -0.000768 0.998950 0.045801 80.917236 -0.018700 -0.045807 0.998775 -0.255738 0.000000 0.000000 0.000000 1.000000
0.999750 -0.000392 0.022365 -4.958639 -0.000647 0.998921 0.046432 80.868042 -0.022359 -0.046435 0.998671 -0.269724 0.000000 0.000000 0.000000 1.000000
0.999667 -0.000838 0.025775 -5.033779 -0.000369 0.998905 0.046789 80.829689 -0.025786 -0.046783 0.998572 -0.287781 0.000000 0.000000 0.000000 1.000000
0.999581 -0.001404 0.028919 -5.103831 0.000047 0.998900 0.046897 80.796532 -0.028953 -0.046876 0.998481 -0.308359 0.000000 0.000000 0.000000 1.000000
0.999497 -0.002062 0.031662 -5.168701 0.000577 0.998903 0.046829 80.766335 -0.031724 -0.046787 0.998401 -0.328585 0.000000 0.000000 0.000000 1.000000
0.999420 -0.002625 0.033957 -5.227809 0.001039 0.998911 0.046637 80.740547 -0.034042 -0.046575 0.998335 -0.346071 0.000000 0.000000 0.000000 1.000000
0.999352 -0.002897 0.035887 -5.279742 0.001231 0.998924 0.046355 80.720245 -0.035982 -0.046281 0.998280 -0.359098 0.000000 0.000000 0.000000 1.000000
0.999287 -0.002824 0.037650 -5.324043 0.001091 0.998942 0.045965 80.708023 -0.037740 -0.045891 0.998233 -0.366121 0.000000 0.000000 0.000000 1.000000
0.999219 -0.002566 0.039432 -5.361901 0.000771 0.998966 0.045459 80.707909 -0.039508 -0.045393 0.998188 -0.364816 0.000000 0.000000 0.000000 1.000000
0.999146 -0.002341 0.041259 -5.394298 0.000489 0.998994 0.044837 80.721802 -0.041323 -0.044779 0.998142 -0.352311 0.000000 0.000000 0.000000 1.000000
0.999072 -0.002265 0.043021 -5.419476 0.000363 0.999025 0.044157 80.748413 -0.043079 -0.044100 0.998098 -0.326780 0.000000 0.000000 0.000000 1.000000
0.999000 -0.002254 0.044645 -5.433815 0.000310 0.999053 0.043497 80.782013 -0.044701 -0.043440 0.998055 -0.287981 0.000000 0.000000 0.000000 1.000000
0.998932 -0.002164 0.046161 -5.435068 0.000179 0.999077 0.042960 80.814018 -0.046211 -0.042906 0.998010 -0.236122 0.000000 0.000000 0.000000 1.000000
0.998863 -0.001957 0.047633 -5.423468 -0.000074 0.999092 0.042595 80.838852 -0.047673 -0.042550 0.997956 -0.171815 0.000000 0.000000 0.000000 1.000000
0.998793 -0.001754 0.049086 -5.400236 -0.000329 0.999101 0.042397 80.857681 -0.049116 -0.042361 0.997894 -0.095409 0.000000 0.000000 0.000000 1.000000
0.998720 -0.001743 0.050540 -5.366280 -0.000397 0.999105 0.042291 80.877121 -0.050569 -0.042257 0.997826 -0.007926 0.000000 0.000000 0.000000 1.000000
0.998644 -0.002046 0.052014 -5.322760 -0.000149 0.999111 0.042159 80.908363 -0.052054 -0.042109 0.997756 0.087711 0.000000 0.000000 0.000000 1.000000
0.998564 -0.002592 0.053500 -5.269720 0.000348 0.999122 0.041904 80.959496 -0.053562 -0.041826 0.997688 0.186759 0.000000 0.000000 0.000000 1.000000
0.998488 -0.003149 0.054878 -5.206495 0.000871 0.999139 0.041488 81.025803 -0.054961 -0.041377 0.997631 0.285605 0.000000 0.000000 0.000000 1.000000
0.998433 -0.003481 0.055852 -5.132678 0.001197 0.999163 0.040878 81.091049 -0.055947 -0.040747 0.997602 0.383367 0.000000 0.000000 0.000000 1.000000
0.998415 -0.003503 0.056180 -5.048401 0.001247 0.999193 0.040143 81.143112 -0.056275 -0.040010 0.997613 0.480905 0.000000 0.000000 0.000000 1.000000
0.998437 -0.003377 0.055784 -4.954338 0.001182 0.999226 0.039328 81.187485 -0.055874 -0.039200 0.997668 0.579188 0.000000 0.000000 0.000000 1.000000
0.998492 -0.003343 0.054793 -4.852525 0.001232 0.999257 0.038516 81.241035 -0.054881 -0.038390 0.997755 0.677998 0.000000 0.000000 0.000000 1.000000
0.998559 -0.003540 0.053546 -4.744308 0.001511 0.999280 0.037899 81.312874 -0.053642 -0.037763 0.997846 0.776792 0.000000 0.000000 0.000000 1.000000
0.998619 -0.003913 0.052389 -4.630078 0.001936 0.999286 0.037723 81.398376 -0.052499 -0.037569 0.997914 0.874077 0.000000 0.000000 0.000000 1.000000
0.998666 -0.004338 0.051455 -4.509462 0.002387 0.999279 0.037904 81.488472 -0.051582 -0.037731 0.997956 0.966741 0.000000 0.000000 0.000000 1.000000
0.998709 -0.004770 0.050574 -4.382651 0.002841 0.999268 0.038138 81.576874 -0.050719 -0.037945 0.997992 1.052599 0.000000 0.000000 0.000000 1.000000
0.998769 -0.005112 0.049331 -4.249505 0.003227 0.999265 0.038202 81.656273 -0.049490 -0.037996 0.998052 1.130267 0.000000 0.000000 0.000000 1.000000
0.998866 -0.005186 0.047327 -4.109458 0.003383 0.999268 0.038100 81.718201 -0.047490 -0.037897 0.998153 1.199110 0.000000 0.000000 0.000000 1.000000
0.998999 -0.004879 0.044471 -3.962387 0.003191 0.999274 0.037955 81.755966 -0.044623 -0.037775 0.998289 1.259045 0.000000 0.000000 0.000000 1.000000
0.999143 -0.004356 0.041153 -3.809505 0.002799 0.999281 0.037823 81.772461 -0.041288 -0.037676 0.998437 1.310350 0.000000 0.000000 0.000000 1.000000
0.999277 -0.003932 0.037821 -3.652733 0.002509 0.999289 0.037608 81.780556 -0.037942 -0.037486 0.998577 1.354312 0.000000 0.000000 0.000000 1.000000
0.999389 -0.003878 0.034744 -3.493786 0.002584 0.999304 0.037206 81.794540 -0.034865 -0.037094 0.998703 1.393049 0.000000 0.000000 0.000000 1.000000
0.999483 -0.004125 0.031878 -3.333235 0.002954 0.999322 0.036709 81.821350 -0.032008 -0.036596 0.998817 1.428180 0.000000 0.000000 0.000000 1.000000
0.999571 -0.004367 0.028962 -3.169585 0.003313 0.999334 0.036351 81.855553 -0.029101 -0.036239 0.998919 1.461457 0.000000 0.000000 0.000000 1.000000
0.999659 -0.004167 0.025767 -3.001379 0.003228 0.999333 0.036382 81.889954 -0.025901 -0.036287 0.999006 1.492321 0.000000 0.000000 0.000000 1.000000
0.999748 -0.003279 0.022220 -2.828321 0.002460 0.999320 0.036791 81.916908 -0.022326 -0.036727 0.999076 1.518608 0.000000 0.000000 0.000000 1.000000
0.999828 -0.001762 0.018448 -2.651298 0.001073 0.999304 0.037285 81.931702 -0.018501 -0.037259 0.999134 1.536955 0.000000 0.000000 0.000000 1.000000
0.999892 -0.000008 0.014691 -2.472564 -0.000544 0.999295 0.037528 81.934036 -0.014681 -0.037532 0.999188 1.544019 0.000000 0.000000 0.000000 1.000000
0.999937 0.001592 0.011096 -2.294608 -0.002006 0.999298 0.037420 81.927780 -0.011029 -0.037440 0.999238 1.539200 0.000000 0.000000 0.000000 1.000000
0.999966 0.002930 0.007715 -2.118569 -0.003214 0.999307 0.037092 81.915901 -0.007601 -0.037116 0.999282 1.523155 0.000000 0.000000 0.000000 1.000000
0.999981 0.004108 0.004602 -1.946977 -0.004275 0.999312 0.036828 81.901337 -0.004448 -0.036847 0.999311 1.499296 0.000000 0.000000 0.000000 1.000000
0.999985 0.004778 0.002818 -1.852134 -0.004880 0.999299 0.037120 81.903809 -0.002639 -0.037134 0.999307 1.505287 0.000000 0.000000 0.000000 1.000000
0.999984 0.005485 0.001434 -1.754542 -0.005535 0.999278 0.037589 81.889633 -0.001227 -0.037597 0.999292 1.502207 0.000000 0.000000 0.000000 1.000000
0.999980 0.006251 0.000215 -1.656346 -0.006255 0.999255 0.038078 81.864563 0.000023 -0.038078 0.999275 1.495151 0.000000 0.000000 0.000000 1.000000
0.999975 0.006971 -0.000686 -1.559861 -0.006939 0.999229 0.038652 81.832405 0.000955 -0.038646 0.999252 1.485993 0.000000 0.000000 0.000000 1.000000
0.999969 0.007689 -0.001369 -1.464817 -0.007630 0.999205 0.039130 81.797676 0.001669 -0.039118 0.999233 1.473436 0.000000 0.000000 0.000000 1.000000
0.999962 0.008476 -0.001906 -1.370935 -0.008394 0.999182 0.039550 81.759705 0.002240 -0.039533 0.999216 1.457177 0.000000 0.000000 0.000000 1.000000
0.999953 0.009378 -0.002332 -1.278095 -0.009278 0.999159 0.039935 81.717720 0.002705 -0.039911 0.999200 1.436599 0.000000 0.000000 0.000000 1.000000
0.999943 0.010293 -0.002666 -1.184920 -0.010177 0.999133 0.040373 81.666809 0.003080 -0.040344 0.999181 1.410968 0.000000 0.000000 0.000000 1.000000
0.999933 0.011227 -0.002843 -1.092328 -0.011102 0.999106 0.040801 81.610153 0.003299 -0.040766 0.999163 1.379124 0.000000 0.000000 0.000000 1.000000
