<?xml version="1.0" encoding="utf-8"?>
<COLLADA xmlns="http://www.collada.org/2005/11/COLLADASchema" version="1.4.1">
  <asset><contributor><author>Mixamo</author><authoring_tool>COLLADA Mixamo exporter</authoring_tool><comments></comments></contributor><created>2021-04-12T15:22:02Z</created><modified>2021-04-12T15:22:02Z</modified><revision></revision><title></title><unit meter="0.010000"/><up_axis>Y_UP</up_axis></asset>
  <library_animations>
    <animation id="Hips-anim" name="Hips"><source id="Hips-Matrix-animation-input"><float_array id="Hips-Matrix-animation-input-array" count="62">

0.000000 0.033333 0.066667 0.100000 0.133333 0.166667 0.200000 0.233333 0.266667 0.300000 0.333333 0.366667 0.400000 0.433333 0.466667 0.500000
0.533333 0.566667 0.600000 0.633333 0.666667 0.700000 0.733333 0.766667 0.800000 0.833333 0.866667 0.900000 0.933333 0.966667 1.000000 1.033333
1.066667 1.100000 1.133333 1.166667 1.200000 1.233333 1.266667 1.300000 1.333333 1.366667 1.400000 1.433333 1.466667 1.500000 1.533333 1.566667
1.600000 1.633333 1.666667 1.700000 1.733333 1.766667 1.800000 1.833333 1.866667 1.900000 1.933333 1.966667 2.000000 2.033333</float_array><technique_common><accessor source="#Hips-Matrix-animation-input-array" count="62"><param name="TIME" type="float"/></accessor></technique_common></source><source id="Hips-Matrix-animation-output-transform"><float_array id="Hips-Matrix-animation-output-transform-array" count="992">

0.993980 0.060953 -0.091037 0.018766 -0.055127 0.996349 0.065190 82.451065 0.094678 -0.059779 0.993712 0.246080 0.000000 0.000000 0.000000 1.000000
0.992644 0.059295 -0.105559 0.242091 -0.053815 0.997088 0.054023 82.476227 0.108455 -0.047945 0.992945 0.180571 0.000000 0.000000 0.000000 1.000000
0.991115 0.057301 -0.120034 0.465417 -0.052497 0.997703 0.042812 82.501396 0.122212 -0.036130 0.991846 0.115062 0.000000 0.000000 0.000000 1.000000
0.988977 0.054514 -0.137669 0.737914 -0.051089 0.998293 0.028295 82.507111 0.138976 -0.020949 0.990074 0.005975 0.000000 0.000000 0.000000 1.000000
0.985476 0.049856 -0.162332 1.123133 -0.049440 0.998755 0.006603 82.485237 0.162460 0.001519 0.986714 -0.194114 0.000000 0.000000 0.000000 1.000000
0.980442 0.042769 -0.192107 1.586139 -0.047701 0.998638 -0.021118 82.398613 0.190942 0.029869 0.981147 -0.480928 0.000000 0.000000 0.000000 1.000000
0.972821 0.031306 -0.229432 2.145063 -0.046119 0.997163 -0.059489 82.087135 0.226919 0.068454 0.971505 -0.950578 0.000000 0.000000 0.000000 1.000000
0.961993 0.013884 -0.272720 2.808408 -0.045420 0.992930 -0.109667 81.319138 0.269269 0.117886 0.955823 -1.653936 0.000000 0.000000 0.000000 1.000000
0.949007 -0.007793 -0.315160 3.490338 -0.046160 0.985485 -0.163364 80.327080 0.311858 0.169581 0.934873 -2.445193 0.000000 0.000000 0.000000 1.000000
0.934834 -0.029881 -0.353826 4.160772 -0.053387 0.973299 -0.223247 78.671295 0.351049 0.227588 0.908277 -3.442229 0.000000 0.000000 0.000000 1.000000
0.922122 -0.047776 -0.383937 4.774134 -0.068884 0.956219 -0.284430 76.442154 0.380717 0.288726 0.878460 -4.547178 0.000000 0.000000 0.000000 1.000000
0.913446 -0.059873 -0.402532 5.345424 -0.090877 0.934131 -0.345167 73.721527 0.396684 0.351872 0.847837 -5.650922 0.000000 0.000000 0.000000 1.000000
0.910787 -0.067858 -0.407262 5.908237 -0.113000 0.907770 -0.403962 70.736168 0.397112 0.413944 0.819117 -6.614952 0.000000 0.000000 0.000000 1.000000
0.914262 -0.073972 -0.398313 6.471332 -0.128241 0.879786 -0.457745 67.780396 0.384291 0.469578 0.794869 -7.343309 0.000000 0.000000 0.000000 1.000000
0.921204 -0.078898 -0.380996 7.007767 -0.133964 0.855032 -0.500973 65.092003 0.365289 0.512538 0.777090 -7.795568 0.000000 0.000000 0.000000 1.000000
0.927417 -0.082682 -0.364775 7.459139 -0.132374 0.839582 -0.526857 62.921463 0.349820 0.536903 0.767698 -7.910663 0.000000 0.000000 0.000000 1.000000
0.929729 -0.087186 -0.357775 7.796694 -0.124675 0.839665 -0.528601 61.688858 0.346498 0.536061 0.769791 -7.662094 0.000000 0.000000 0.000000 1.000000
0.925743 -0.096023 -0.365759 8.099545 -0.109298 0.858001 -0.501885 61.750305 0.362014 0.504593 0.783793 -7.119664 0.000000 0.000000 0.000000 1.000000
0.913159 -0.113425 -0.391503 8.384657 -0.082305 0.889406 -0.449648 62.995659 0.399206 0.442823 0.802834 -6.289145 0.000000 0.000000 0.000000 1.000000
0.892866 -0.136904 -0.429009 8.592208 -0.041492 0.923605 -0.381092 65.059799 0.448408 0.358065 0.818975 -5.111084 0.000000 0.000000 0.000000 1.000000
0.874560 -0.154976 -0.459486 8.554457 0.008612 0.952370 -0.304824 67.917542 0.484841 0.262630 0.834239 -3.753206 0.000000 0.000000 0.000000 1.000000
0.875331 -0.152526 -0.458837 8.115102 0.051080 0.972803 -0.225930 71.657433 0.480818 0.174326 0.859316 -2.507312 0.000000 0.000000 0.000000 1.000000
0.905429 -0.127004 -0.405054 7.243295 0.071237 0.986122 -0.149959 76.396568 0.418479 0.106923 0.901911 -1.581793 0.000000 0.000000 0.000000 1.000000
0.952800 -0.095894 -0.288056 5.935305 0.073137 0.993363 -0.088777 81.790359 0.294657 0.063519 0.953490 -1.008201 0.000000 0.000000 0.000000 1.000000
0.989045 -0.077626 -0.125557 4.430733 0.070509 0.995695 -0.060172 86.950493 0.129687 0.050660 0.990260 -0.819669 0.000000 0.000000 0.000000 1.000000
0.996569 -0.074197 0.036672 3.173551 0.076716 0.994387 -0.072859 90.867737 -0.031060 0.075422 0.996668 -1.218742 0.000000 0.000000 0.000000 1.000000
0.990212 -0.031164 0.136051 2.801628 0.047122 0.992166 -0.115702 94.876770 -0.131379 0.120980 0.983922 -2.318219 0.000000 0.000000 0.000000 1.000000
0.986501 0.011571 0.163347 2.905874 0.016112 0.985802 -0.167136 97.830940 -0.162961 0.167512 0.972308 -3.728682 0.000000 0.000000 0.000000 1.000000
0.987600 0.043538 0.150831 3.092009 -0.010603 0.977079 -0.212615 99.558037 -0.156631 0.208379 0.965425 -4.851054 0.000000 0.000000 0.000000 1.000000
0.989094 0.066117 0.131611 3.234649 -0.031237 0.967420 -0.251244 100.971550 -0.143934 0.244393 0.958934 -5.803123 0.000000 0.000000 0.000000 1.000000
0.989909 0.079399 0.117370 3.313077 -0.043020 0.957576 -0.284953 102.184471 -0.135015 0.277028 0.951329 -6.721985 0.000000 0.000000 0.000000 1.000000
0.991145 0.087079 0.100245 3.387716 -0.052541 0.950517 -0.306197 102.771248 -0.121948 0.298218 0.946676 -7.216838 0.000000 0.000000 0.000000 1.000000
0.992910 0.092515 0.074631 3.530489 -0.065643 0.950218 -0.304594 102.277107 -0.099096 0.297535 0.949554 -6.985796 0.000000 0.000000 0.000000 1.000000
0.994576 0.094965 0.042419 3.763901 -0.079354 0.956492 -0.280759 100.795937 -0.067236 0.275870 0.958841 -6.126282 0.000000 0.000000 0.000000 1.000000
0.995397 0.095434 0.008751 4.191356 -0.090322 0.964747 -0.247195 98.786041 -0.032033 0.245267 0.968926 -4.993489 0.000000 0.000000 0.000000 1.000000
0.995206 0.095910 -0.019136 4.875520 -0.097782 0.971956 -0.213870 96.495628 -0.001913 0.214716 0.976675 -3.715925 0.000000 0.000000 0.000000 1.000000
0.994626 0.097846 -0.033849 5.665025 -0.102326 0.978826 -0.177283 93.681152 0.015786 0.179794 0.983578 -1.958900 0.000000 0.000000 0.000000 1.000000
0.994272 0.103701 -0.025854 6.223628 -0.106206 0.985735 -0.130566 89.893364 0.011945 0.132564 0.991102 0.290747 0.000000 0.000000 0.000000 1.000000
0.993498 0.112608 0.016766 6.165071 -0.110835 0.990310 -0.083670 85.324615 -0.026026 0.081268 0.996352 2.328059 0.000000 0.000000 0.000000 1.000000
0.987019 0.128480 0.096364 5.273420 -0.122959 0.990522 -0.061215 80.571983 -0.103316 0.048572 0.993462 3.454320 0.000000 0.000000 0.000000 1.000000
0.967915 0.157241 0.196002 3.712954 -0.144606 0.986467 -0.077276 76.113922 -0.205500 0.046453 0.977554 3.460017 0.000000 0.000000 0.000000 1.000000
0.942314 0.193501 0.273135 2.285626 -0.166780 0.978895 -0.118102 72.291206 -0.290223 0.065736 0.954699 2.734850 0.000000 0.000000 0.000000 1.000000
0.931218 0.211459 0.296848 1.439610 -0.171137 0.972801 -0.156112 70.030777 -0.321785 0.094573 0.942078 1.648320 0.000000 0.000000 0.000000 1.000000
0.937459 0.204608 0.281612 0.946254 -0.159372 0.971524 -0.175334 69.464188 -0.309468 0.119487 0.943373 0.421031 0.000000 0.000000 0.000000 1.000000
0.944960 0.190921 0.265706 0.551902 -0.146228 0.972916 -0.179033 70.107445 -0.292691 0.130325 0.947284 -0.646847 0.000000 0.000000 0.000000 1.000000
0.945545 0.184167 0.268379 0.216708 -0.138685 0.973897 -0.179697 71.523750 -0.294468 0.132691 0.946405 -1.493072 0.000000 0.000000 0.000000 1.000000
0.945207 0.180738 0.271879 0.044630 -0.133694 0.974033 -0.182716 73.344849 -0.297843 0.136356 0.944826 -2.178214 0.000000 0.000000 0.000000 1.000000
0.953339 0.170834 0.248919 0.127056 -0.126914 0.974887 -0.182998 75.315552 -0.273930 0.142867 0.951079 -2.700387 0.000000 0.000000 0.000000 1.000000
0.968176 0.152059 0.198781 0.390177 -0.118209 0.977922 -0.172323 77.197296 -0.220595 0.143341 0.964775 -2.976034 0.000000 0.000000 0.000000 1.000000
0.980123 0.132116 0.147998 0.632119 -0.109977 0.982713 -0.148928 78.711929 -0.165116 0.129692 0.977710 -2.977927 0.000000 0.000000 0.000000 1.000000
0.985886 0.117952 0.118815 0.724416 -0.103744 0.987410 -0.119413 79.711128 -0.131404 0.105401 0.985710 -2.846168 0.000000 0.000000 0.000000 1.000000
0.988197 0.109040 0.107599 0.721756 -0.099435 0.990880 -0.090933 80.262955 -0.116533 0.079160 0.990027 -2.723914 0.000000 0.000000 0.000000 1.000000
0.990161 0.102343 0.095427 0.743945 -0.096339 0.993188 -0.065542 80.566650 -0.101485 0.055703 0.993276 -2.624696 0.000000 0.000000 0.000000 1.000000
0.992920 0.095602 0.070493 0.808182 -0.092807 0.994801 -0.041921 80.791046 -0.074135 0.035082 0.996631 -2.492031 0.000000 0.000000 0.000000 1.000000
0.995389 0.088496 0.037006 0.848024 -0.087821 0.995946 -0.019471 80.986778 -0.038579 0.016131 0.999125 -2.299147 0.000000 0.000000 0.000000 1.000000
0.996591 0.082274 0.006044 0.836268 -0.082280 0.996609 0.000795 81.154793 -0.005958 -0.001290 0.999981 -2.072864 0.000000 0.000000 0.000000 1.000000
0.996819 0.077856 -0.017058 0.805957 -0.077551 0.996828 0.017866 81.331436 0.018395 -0.016487 0.999695 -1.839850 0.000000 0.000000 0.000000 1.000000
0.996583 0.074854 -0.034927 0.779935 -0.073766 0.996779 0.031478 81.564835 0.037171 -0.028794 0.998894 -1.589513 0.000000 0.000000 0.000000 1.000000
0.996135 0.071658 -0.050799 0.734501 -0.069670 0.996773 0.039876 81.817780 0.053492 -0.036182 0.997913 -1.301144 0.000000 0.000000 0.000000 1.000000
0.995444 0.068564 -0.066256 0.685232 -0.065515 0.996737 0.047153 82.072792 0.069273 -0.042597 0.996688 -1.006143 0.000000 0.000000 0.000000 1.000000
0.994573 0.065679 -0.080686 0.632846 -0.061461 0.996664 0.053696 82.302261 0.083943 -0.048446 0.995292 -0.719140 0.000000 0.000000 0.000000 1.000000
0.993980 0.063003 -0.089634 0.565113 -0.058010 0.996673 0.057258 82.394806 0.092943 -0.051714 0.994328 -0.476999 0.000000 0.000000 0.000000 1.000000</float_array><technique_common><accessor source="#Hips-Matrix-animation-output-transform-array" count="62" stride="16"><param type="float4x4"/></accessor></technique_common></source><source id="Hips-Interpolations"><Name_array id="Hips-Interpolations-array" count="62">
 LINEAR LINEAR LINEAR LINEAR LINEAR LINEAR LINEAR LINEAR LINEAR LINEAR LINEAR
LINEAR LINEAR LINEAR LINEAR LINEAR LINEAR LINEAR LINEAR LINEAR LINEAR LINEAR LINEAR
LINEAR LINEAR LINEAR LINEAR LINEAR LINEAR LINEAR LINEAR LINEAR LINEAR LINEAR LINEAR
LINEAR LINEAR LINEAR LINEAR LINEAR LINEAR LINEAR LINEAR LINEAR LINEAR LINEAR LINEAR
LINEAR LINEAR LINEAR LINEAR LINEAR LINEAR LINEAR LINEAR LINEAR LINEAR LINEAR LINEAR
LINEAR LINEAR LINEAR</Name_array><technique_common><accessor source="#Hips-Interpolations-array" count="62"><param type="name"/></accessor></technique_common></source><sampler id="Hips-Matrix-animation-transform"><input semantic="INPUT" source="#Hips-Matrix-animation-input"/><input semantic="OUTPUT" source="#Hips-Matrix-animation-output-transform"/><input semantic="INTERPOLATION" source="#Hips-Interpolations"/></sampler><channel source="#Hips-Matrix-animation-transform" target="Hips/matrix"/></animation>
    <animation id="Pelvis-anim" name="Pelvis"><source id="Pelvis-Matrix-animation-input"><float_array id="Pelvis-Matrix-animation-input-array" count="62">

0.000000 0.033333 0.066667 0.100000 0.133333 0.166667 0.200000 0.233333 0.266667 0.300000 0.333333 0.366667 0.400000 0.433333 0.466667 0.500000
0.533333 0.566667 0.600000 0.633333 0.666667 0.700000 0.733333 0.766667 0.800000 0.833333 0.866667 0.900000 0.933333 0.966667 1.000000 1.033333
1.066667 1.100000 1.133333 1.166667 1.200000 1.233333 1.266667 1.300000 1.333333 1.366667 1.400000 1.433333 1.466667 1.500000 1.533333 1.566667
1.600000 1.633333 1.666667 1.700000 1.733333 1.766667 1.800000 1.833333 1.866667 1.900000 1.933333 1.966667 2.000000 2.033333</float_array><technique_common><accessor source="#Pelvis-Matrix-animation-input-array" count="62"><param name="TIME" type="float"/></accessor></technique_common></source><source id="Pelvis-Matrix-animation-output-transform"><float_array id="Pelvis-Matrix-animation-output-transform-array" count="992">

1.000000 0.000000 0.000000 0.000000 -0.000000 1.000000 0.000000 0.000000 -0.000000 0.000000 1.000000 0.000000 0.000000 0.000000 0.000000 1.000000
1.000000 -0.000000 0.000000 0.000000 0.000000 1.000000 0.000000 0.000000 0.000000 -0.000000 1.000000 0.000000 0.000000 0.000000 0.000000 1.000000
1.000000 0.000000 -0.000000 0.000000 0.000000 1.000000 -0.000000 0.000000 -0.000000 -0.000000 1.000000 0.000000 0.000000 0.000000 0.000000 1.000000
1.000000 0.000000 0.000000 0.000000 -0.000000 1.000000 -0.000000 0.000000 0.000000 0.000000 1.000000 0.000000 0.000000 0.000000 0.000000 1.000000
1.000000 -0.000000 0.000000 0.000000 -0.000000 1.000000 0.000000 0.000000 0.000000 -0.000000 1.000000 0.000000 0.000000 0.000000 0.000000 1.000000
1.000000 -0.000000 0.000000 0.000000 0.000000 1.000000 0.000000 0.000000 0.000000 0.000000 1.000000 0.000000 0.000000 0.000000 0.000000 1.000000
1.000000 0.000000 0.000000 0.000000 -0.000000 1.000000 -0.000000 0.000000 0.000000 0.000000 1.000000 0.000000 0.000000 0.000000 0.000000 1.000000
1.000000 0.000000 -0.000000 0.000000 0.000000 1.000000 0.000000 0.000000 0.000000 0.000000 1.000000 0.000000 0.000000 0.000000 0.000000 1.000000
1.000000 -0.000000 -0.000000 0.000000 -0.000000 1.000000 0.000000 0.000000 0.000000 0.000000 1.000000 0.000000 0.000000 0.000000 0.000000 1.000000
1.000000 0.000000 0.000000 0.000000 -0.000000 1.000000 -0.000000 0.000000 -0.000000 -0.000000 1.000000 0.000000 0.000000 0.000000 0.000000 1.000000
1.000000 -0.000000 0.000000 0.000000 0.000000 1.000000 0.000000 0.000000 0.000000 0.000000 1.000000 0.000000 0.000000 0.000000 0.000000 1.000000
1.000000 0.000000 -0.000000 0.000000 0.000000 1.000000 0.000000 0.000000 0.000000 0.000000 1.000000 0.000000 0.000000 0.000000 0.000000 1.000000
1.000000 -0.000000 -0.000000 0.000000 0.000000 1.000000 0.000000 0.000000 0.000000 0.000000 1.000000 0.000000 0.000000 0.000000 0.000000 1.000000
1.000000 0.000000 0.000000 0.000000 -0.000000 1.000000 0.000000 0.000000 0.000000 0.000000 1.000000 0.000000 0.000000 0.000000 0.000000 1.000000
1.000000 -0.000000 -0.000000 0.000000 0.000000 1.000000 0.000000 0.000000 0.000000 0.000000 1.000000 0.000000 0.000000 0.000000 0.000000 1.000000
1.000000 0.000000 0.000000 0.000000 0.000000 1.000000 0.000000 0.000000 -0.000000 0.000000 1.000000 0.000000 0.000000 0.000000 0.000000 1.000000
1.000000 -0.000000 -0.000000 0.000000 -0.000000 1.000000 -0.000000 0.000000 0.000000 0.000000 1.000000 0.000000 0.000000 0.000000 0.000000 1.000000
1.000000 -0.000000 0.000000 0.000000 0.000000 1.000000 0.000000 0.000000 0.000000 0.000000 1.000000 0.000000 0.000000 0.000000 0.000000 1.000000
1.000000 0.000000 0.000000 0.000000 0.000000 1.000000 0.000000 0.000000 0.000000 0.000000 1.000000 0.000000 0.000000 0.000000 0.000000 1.000000
1.000000 0.000000 0.000000 0.000000 0.000000 1.000000 -0.000000 0.000000 0.000000 0.000000 1.000000 0.000000 0.000000 0.000000 0.000000 1.000000
1.000000 0.000000 0.000000 0.000000 0.000000 1.000000 0.000000 0.000000 -0.000000 0.000000 1.000000 0.000000 0.000000 0.000000 0.000000 1.000000
1.000000 0.000000 0.000000 0.000000 -0.000000 1.000000 0.000000 0.000000 -0.000000 0.000000 1.000000 0.000000 0.000000 0.000000 0.000000 1.000000
1.000000 0.000000 0.000000 0.000000 0.000000 1.000000 -0.000000 0.000000 0.000000 0.000000 1.000000 0.000000 0.000000 0.000000 0.000000 1.000000
1.000000 -0.000000 -0.000000 0.000000 -0.000000 1.000000 0.000000 0.000000 0.000000 0.000000 1.000000 0.000000 0.000000 0.000000 0.000000 1.000000
1.000000 0.000000 0.000000 0.000000 -0.000000 1.000000 -0.000000 0.000000 0.000000 -0.000000 1.000000 0.000000 0.000000 0.000000 0.000000 1.000000
1.000000 -0.000000 -0.000000 0.000000 -0.000000 1.000000 0.000000 0.000000 -0.000000 0.000000 1.000000 0.000000 0.000000 0.000000 0.000000 1.000000
1.000000 0.000000 0.000000 0.000000 0.000000 1.000000 -0.000000 0.000000 0.000000 0.000000 1.000000 0.000000 0.000000 0.000000 0.000000 1.000000
1.000000 0.000000 0.000000 0.000000 -0.000000 1.000000 0.000000 0.000000 -0.000000 0.000000 1.000000 0.000000 0.000000 0.000000 0.000000 1.000000
1.000000 0.000000 0.000000 0.000000 -0.000000 1.000000 0.000000 0.000000 0.000000 0.000000 1.000000 0.000000 0.000000 0.000000 0.000000 1.000000
1.000000 0.000000 -0.000000 0.000000 0.000000 1.000000 0.000000 0.000000 0.000000 -0.000000 1.000000 0.000000 0.000000 0.000000 0.000000 1.000000
1.000000 -0.000000 0.000000 0.000000 0.000000 1.000000 0.000000 0.000000 -0.000000 0.000000 1.000000 0.000000 0.000000 0.000000 0.000000 1.000000
1.000000 0.000000 0.000000 0.000000 -0.000000 1.000000 0.000000 0.000000 -0.000000 0.000000 1.000000 0.000000 0.000000 0.000000 0.000000 1.000000
1.000000 -0.000000 0.000000 0.000000 -0.000000 1.000000 -0.000000 0.000000 0.000000 0.000000 1.000000 0.000000 0.000000 0.000000 0.000000 1.000000
1.000000 0.000000 0.000000 0.000000 0.000000 1.000000 0.000000 0.000000 0.000000 0.000000 1.000000 0.000000 0.000000 0.000000 0.000000 1.000000
1.000000 0.000000 0.000000 0.000000 0.000000 1.000000 0.000000 0.000000 0.000000 0.000000 1.000000 0.000000 0.000000 0.000000 0.000000 1.000000
1.000000 0.000000 0.000000 0.000000 -0.000000 1.000000 -0.000000 0.000000 0.000000 0.000000 1.000000 0.000000 0.000000 0.000000 0.000000 1.000000
1.000000 0.000000 -0.000000 0.000000 0.000000 1.000000 0.000000 0.000000 0.000000 0.000000 1.000000 0.000000 0.000000 0.000000 0.000000 1.000000
1.000000 -0.000000 -0.000000 0.000000 -0.000000 1.000000 0.000000 0.000000 -0.000000 0.000000 1.000000 0.000000 0.000000 0.000000 0.000000 1.000000
1.000000 -0.000000 0.000000 0.000000 -0.000000 1.000000 -0.000000 0.000000 0.000000 0.000000 1.000000 0.000000 0.000000 0.000000 0.000000 1.000000
1.000000 0.000000 0.000000 0.000000 -0.000000 1.000000 0.000000 0.000000 -0.000000 0.000000 1.000000 0.000000 0.000000 0.000000 0.000000 1.000000
1.000000 0.000000 -0.000000 0.000000 -0.000000 1.000000 -0.000000 0.000000 0.000000 0.000000 1.000000 0.000000 0.000000 0.000000 0.000000 1.000000
1.000000 0.000000 -0.000000 0.000000 0.000000 1.000000 0.000000 0.000000 0.000000 0.000000 1.000000 0.000000 0.000000 0.000000 0.000000 1.000000
1.000000 -0.000000 0.000000 0.000000 0.000000 1.000000 0.000000 0.000000 0.000000 -0.000000 1.000000 0.000000 0.000000 0.000000 0.000000 1.000000
1.000000 -0.000000 -0.000000 0.000000 0.000000 1.000000 0.000000 0.000000 0.000000 -0.000000 1.000000 0.000000 0.000000 0.000000 0.000000 1.000000
1.000000 0.000000 0.000000 0.000000 0.000000 1.000000 0.000000 0.000000 0.000000 0.000000 1.000000 0.000000 0.000000 0.000000 0.000000 1.000000
1.000000 -0.000000 0.000000 0.000000 0.000000 1.000000 -0.000000 0.000000 0.000000 0.000000 1.000000 0.000000 0.000000 0.000000 0.000000 1.000000
1.000000 0.000000 -0.000000 0.000000 0.000000 1.000000 0.000000 0.000000 0.000000 0.000000 1.000000 0.000000 0.000000 0.000000 0.000000 1.000000
1.000000 -0.000000 0.000000 0.000000 0.000000 1.000000 0.000000 0.000000 0.000000 -0.000000 1.000000 0.000000 0.000000 0.000000 0.000000 1.000000
1.000000 -0.000000 -0.000000 0.000000 0.000000 1.000000 0.000000 0.000000 -0.000000 -0.000000 1.000000 0.000000 0.000000 0.000000 0.000000 1.000000
1.000000 -0.000000 0.000000 0.000000 -0.000000 1.000000 -0.000000 0.000000 0.000000 0.000000 1.000000 0.000000 0.000000 0.000000 0.000000 1.000000
1.000000 -0.000000 0.000000 0.000000 0.000000 1.000000 0.000000 0.000000 0.000000 -0.000000 1.000000 0.000000 0.000000 0.000000 0.000000 1.000000
1.000000 -0.000000 0.000000 0.000000 0.000000 1.000000 -0.000000 0.000000 0.000000 0.000000 1.000000 0.000000 0.000000 0.000000 0.000000 1.000000
1.000000 0.000000 0.000000 0.000000 0.000000 1.000000 0.000000 0.000000 -0.000000 -0.000000 1.000000 0.000000 0.000000 0.000000 0.000000 1.000000
1.000000 -0.000000 0.000000 0.000000 -0.000000 1.000000 0.000000 0.000000 0.000000 -0.000000 1.000000 0.000000 0.000000 0.000000 0.000000 1.000000
1.000000 -0.000000 0.000000 0.000000 -0.000000 1.000000 0.000000 0.000000 0.000000 0.000000 1.000000 0.000000 0.000000 0.000000 0.000000 1.000000
1.000000 -0.000000 -0.000000 0.000000 -0.000000 1.000000 0.000000 0.000000 0.000000 0.000000 1.000000 0.000000 0.000000 0.000000 0.000000 1.000000
1.000000 0.000000 0.000000 0.000000 -0.000000 1.000000 0.000000 0.000000 0.000000 0.000000 1.000000 0.000000 0.000000 0.000000 0.000000 1.000000
1.000000 -0.000000 -0.000000 0.000000 0.000000 1.000000 -0.000000 0.000000 -0.000000 0.000000 1.000000 0.000000 0.000000 0.000000 0.000000 1.000000
1.000000 0.000000 -0.000000 0.000000 0.000000 1.000000 -0.000000 0.000000 0.000000 0.000000 1.000000 0.000000 0.000000 0.000000 0.000000 1.000000
1.000000 0.000000 0.000000 0.000000 0.000000 1.000000 0.000000 0.000000 0.000000 0.000000 1.000000 0.000000 0.000000 0.000000 0.000000 1.000000
1.000000 -0.000000 0.000000 0.000000 0.000000 1.000000 -0.000000 0.000000 0.000000 0.000000 1.000000 0.000000 0.000000 0.000000 0.000000 1.000000
1.000000 0.000000 0.000000 0.000000 -0.000000 1.000000 -0.000000 0.000000 -0.000000 0.000000 1.000000 0.000000 0.000000 0.000000 0.000000 1.000000</float_array><technique_common><accessor source="#Pelvis-Matrix-animation-output-transform-array" count="62" stride="16"><param type="float4x4"/></accessor></technique_common></source><source id="Pelvis-Interpolations"><Name_array id="Pelvis-Interpolations-array" count="62">
 LINEAR LINEAR LINEAR LINEAR LINEAR LINEAR LINEAR LINEAR LINEAR LINEAR LINEAR
LINEAR LINEAR LINEAR LINEAR LINEAR LINEAR LINEAR LINEAR LINEAR LINEAR LINEAR LINEAR
LINEAR LINEAR LINEAR LINEAR LINEAR LINEAR LINEAR LINEAR LINEAR LINEAR LINEAR LINEAR
LINEAR LINEAR LINEAR LINEAR LINEAR LINEAR LINEAR LINEAR LINEAR LINEAR LINEAR LINEAR
LINEAR LINEAR LINEAR LINEAR LINEAR LINEAR LINEAR LINEAR LINEAR LINEAR LINEAR LINEAR
LINEAR LINEAR LINEAR</Name_array><technique_common><accessor source="#Pelvis-Interpolations-array" count="62"><param type="name"/></accessor></technique_common></source><sampler id="Pelvis-Matrix-animation-transform"><input semantic="INPUT" source="#Pelvis-Matrix-animation-input"/><input semantic="OUTPUT" source="#Pelvis-Matrix-animation-output-transform"/><input semantic="INTERPOLATION" source="#Pelvis-Interpolations"/></sampler><channel source="#Pelvis-Matrix-animation-transform" target="Pelvis/matrix"/></animation>
    <animation id="LeftUpLeg-anim" name="LeftUpLeg"><source id="LeftUpLeg-Matrix-animation-input"><float_array id="LeftUpLeg-Matrix-animation-input-array" count="62">

0.000000 0.033333 0.066667 0.100000 0.133333 0.166667 0.200000 0.233333 0.266667 0.300000 0.333333 0.366667 0.400000 0.433333 0.466667 0.500000
0.533333 0.566667 0.600000 0.633333 0.666667 0.700000 0.733333 0.766667 0.800000 0.833333 0.866667 0.900000 0.933333 0.966667 1.000000 1.033333
1.066667 1.100000 1.133333 1.166667 1.200000 1.233333 1.266667 1.300000 1.333333 1.366667 1.400000 1.433333 1.466667 1.500000 1.533333 1.566667
1.600000 1.633333 1.666667 1.700000 1.733333 1.766667 1.800000 1.833333 1.866667 1.900000 1.933333 1.966667 2.000000 2.033333</float_array><technique_common><accessor source="#LeftUpLeg-Matrix-animation-input-array" count="62"><param name="TIME" type="float"/></accessor></technique_common></source><source id="LeftUpLeg-Matrix-animation-output-transform"><float_array id="LeftUpLeg-Matrix-animation-output-transform-array" count="992">

0.953407 -0.168968 0.249931 8.479700 0.120520 0.972783 0.197911 -4.795500 -0.276570 -0.158568 0.947821 -0.379100 0.000000 0.000000 0.000000 1.000000
0.951361 -0.170293 0.256734 8.479700 0.117976 0.971196 0.207025 -4.795500 -0.284594 -0.166667 0.944049 -0.379100 0.000000 0.000000 0.000000 1.000000
0.949242 -0.171751 0.263516 8.479700 0.115434 0.969526 0.216086 -4.795500 -0.292598 -0.174700 0.940142 -0.379100 0.000000 0.000000 0.000000 1.000000
0.947374 -0.173269 0.269184 8.479700 0.111548 0.966836 0.229749 -4.795500 -0.300065 -0.187631 0.935284 -0.379100 0.000000 0.000000 0.000000 1.000000
0.946247 -0.174270 0.272482 8.479700 0.104542 0.962005 0.252225 -4.795500 -0.306084 -0.210182 0.928513 -0.379100 0.000000 0.000000 0.000000 1.000000
0.945345 -0.176629 0.274089 8.479700 0.095517 0.953712 0.285150 -4.795500 -0.311768 -0.243385 0.918458 -0.379100 0.000000 0.000000 0.000000 1.000000
0.943943 -0.185835 0.272832 8.479700 0.084410 0.934893 0.344747 -4.795500 -0.319135 -0.302392 0.898172 -0.379100 0.000000 0.000000 0.000000 1.000000
0.941069 -0.205097 0.268933 8.479700 0.070259 0.896355 0.437734 -4.795500 -0.330837 -0.393043 0.857942 -0.379100 0.000000 0.000000 0.000000 1.000000
0.936651 -0.230622 0.263627 8.479700 0.055597 0.840998 0.538174 -4.795500 -0.345825 -0.489424 0.800543 -0.379100 0.000000 0.000000 0.000000 1.000000
0.926933 -0.274043 0.256313 8.479700 0.041157 0.753217 0.656483 -4.795500 -0.372964 -0.597967 0.709460 -0.379100 0.000000 0.000000 0.000000 1.000000
0.913572 -0.329067 0.238958 8.479700 0.026105 0.633826 0.773035 -4.795500 -0.405838 -0.699985 0.587636 -0.379100 0.000000 0.000000 0.000000 1.000000
0.901855 -0.381220 0.203297 8.479700 0.008666 0.486420 0.873682 -4.795500 -0.431953 -0.786173 0.441984 -0.379100 0.000000 0.000000 0.000000 1.000000
0.897066 -0.414544 0.153059 8.479700 -0.011585 0.324186 0.945922 -4.795500 -0.441746 -0.850328 0.286014 -0.379100 0.000000 0.000000 0.000000 1.000000
0.898634 -0.425934 0.105060 8.479700 -0.035810 0.167462 0.985228 -4.795500 -0.437236 -0.889121 0.135234 -0.379100 0.000000 0.000000 0.000000 1.000000
0.901888 -0.425469 0.074656 8.479700 -0.065467 0.036201 0.997198 -4.795500 -0.426979 -0.904249 0.004795 -0.379100 0.000000 0.000000 0.000000 1.000000
0.903914 -0.422964 0.063574 8.479700 -0.094235 -0.051956 0.994193 -4.795500 -0.417205 -0.904656 -0.086822 -0.379100 0.000000 0.000000 0.000000 1.000000
0.906441 -0.416920 0.067392 8.479700 -0.109683 -0.078298 0.990878 -4.795500 -0.407840 -0.905564 -0.116701 -0.379100 0.000000 0.000000 0.000000 1.000000
0.911598 -0.402076 0.085577 8.479700 -0.106352 -0.029589 0.993888 -4.795500 -0.397087 -0.915128 -0.069735 -0.379100 0.000000 0.000000 0.000000 1.000000
0.918026 -0.377043 0.122748 8.479700 -0.095353 0.090562 0.991315 -4.795500 -0.384885 -0.921758 0.047187 -0.379100 0.000000 0.000000 0.000000 1.000000
0.922100 -0.350631 0.163674 8.479700 -0.086230 0.226149 0.970269 -4.795500 -0.377221 -0.908799 0.178297 -0.379100 0.000000 0.000000 0.000000 1.000000
0.925808 -0.327777 0.188260 8.479700 -0.069767 0.341317 0.937356 -4.795500 -0.371499 -0.880946 0.293126 -0.379100 0.000000 0.000000 0.000000 1.000000
0.936869 -0.298248 0.182552 8.479700 -0.040052 0.427092 0.903321 -4.795500 -0.347380 -0.853604 0.388184 -0.379100 0.000000 0.000000 0.000000 1.000000
0.956676 -0.254427 0.141555 8.479700 -0.010229 0.456513 0.889658 -4.795500 -0.290975 -0.852562 0.434132 -0.379100 0.000000 0.000000 0.000000 1.000000
0.978533 -0.191589 0.075936 8.479700 0.011378 0.418125 0.908318 -4.795500 -0.205775 -0.887955 0.411330 -0.379100 0.000000 0.000000 0.000000 1.000000
0.995034 -0.098894 0.011257 8.479700 0.017748 0.287574 0.957594 -4.795500 -0.097937 -0.952639 0.287901 -0.379100 0.000000 0.000000 0.000000 1.000000
0.999910 0.010242 -0.008676 8.479700 0.008195 0.046116 0.998902 -4.795500 0.010631 -0.998884 0.046028 -0.379100 0.000000 0.000000 0.000000 1.000000
0.997635 0.067767 0.011489 8.479700 0.005118 -0.239929 0.970777 -4.795500 0.068543 -0.968422 -0.239709 -0.379100 0.000000 0.000000 0.000000 1.000000
0.994573 0.065272 0.081015 8.479700 -0.035626 -0.517962 0.854662 -4.795500 0.097748 -0.852910 -0.512826 -0.379100 0.000000 0.000000 0.000000 1.000000
0.985217 0.020709 0.170054 8.479700 -0.103908 -0.716977 0.689309 -4.795500 0.136200 -0.696789 -0.704226 -0.379100 0.000000 0.000000 0.000000 1.000000
0.974234 -0.039983 0.221970 8.479700 -0.169207 -0.780278 0.602109 -4.795500 0.149124 -0.624154 -0.766938 -0.379100 0.000000 0.000000 0.000000 1.000000
0.975212 -0.111575 0.191084 8.479700 -0.211551 -0.723304 0.657326 -4.795500 0.064870 -0.681456 -0.728979 -0.379100 0.000000 0.000000 0.000000 1.000000
0.974549 -0.188409 0.121476 8.479700 -0.210015 -0.577796 0.788699 -4.795500 -0.078409 -0.794137 -0.602659 -0.379100 0.000000 0.000000 0.000000 1.000000
0.961277 -0.267601 0.065844 8.479700 -0.166424 -0.373259 0.912678 -4.795500 -0.219657 -0.888295 -0.403341 -0.379100 0.000000 0.000000 0.000000 1.000000
0.938839 -0.340003 0.054580 8.479700 -0.104725 -0.130918 0.985846 -4.795500 -0.328045 -0.931267 -0.158517 -0.379100 0.000000 0.000000 0.000000 1.000000
0.918482 -0.385726 0.087208 8.479700 -0.043423 0.120819 0.991724 -4.795500 -0.393071 -0.914668 0.094221 -0.379100 0.000000 0.000000 0.000000 1.000000
0.914555 -0.381647 0.133919 8.479700 0.013860 0.360482 0.932663 -4.795500 -0.404224 -0.851116 0.334970 -0.379100 0.000000 0.000000 0.000000 1.000000
0.934134 -0.320112 0.157868 8.479700 0.063674 0.584666 0.808771 -4.795500 -0.351197 -0.745448 0.566540 -0.379100 0.000000 0.000000 0.000000 1.000000
0.962624 -0.227641 0.146745 8.479700 0.084500 0.767195 0.635824 -4.795500 -0.257322 -0.599659 0.757756 -0.379100 0.000000 0.000000 0.000000 1.000000
0.978402 -0.159654 0.131301 8.479700 0.073057 0.861271 0.502866 -4.795500 -0.193371 -0.482413 0.854334 -0.379100 0.000000 0.000000 0.000000 1.000000
0.980536 -0.151965 0.124323 8.479700 0.062638 0.842232 0.535464 -4.795500 -0.186081 -0.517254 0.835357 -0.379100 0.000000 0.000000 0.000000 1.000000
0.976747 -0.199405 0.078755 8.479700 0.100291 0.749636 0.654207 -4.795500 -0.189490 -0.631097 0.752204 -0.379100 0.000000 0.000000 0.000000 1.000000
0.974032 -0.226169 0.010402 8.479700 0.134555 0.615208 0.776797 -4.795500 -0.182087 -0.755226 0.629665 -0.379100 0.000000 0.000000 0.000000 1.000000
0.969423 -0.244896 -0.015680 8.479700 0.141210 0.504440 0.851822 -4.795500 -0.200698 -0.827989 0.523597 -0.379100 0.000000 0.000000 0.000000 1.000000
0.964108 -0.265472 0.004638 8.479700 0.122236 0.459293 0.879834 -4.795500 -0.235701 -0.847688 0.475258 -0.379100 0.000000 0.000000 0.000000 1.000000
0.963034 -0.268068 0.026541 8.479700 0.105613 0.466371 0.878262 -4.795500 -0.247812 -0.842994 0.477442 -0.379100 0.000000 0.000000 0.000000 1.000000
0.969655 -0.242948 0.027307 8.479700 0.101027 0.499902 0.860169 -4.795500 -0.222628 -0.831309 0.509277 -0.379100 0.000000 0.000000 0.000000 1.000000
0.976886 -0.212593 0.022331 8.479700 0.099885 0.546330 0.831593 -4.795500 -0.188991 -0.810141 0.554936 -0.379100 0.000000 0.000000 0.000000 1.000000
0.978938 -0.200828 0.036716 8.479700 0.094344 0.604492 0.791005 -4.795500 -0.181050 -0.770881 0.610708 -0.379100 0.000000 0.000000 0.000000 1.000000
0.976036 -0.205171 0.072523 8.479700 0.086940 0.673168 0.734361 -4.795500 -0.199489 -0.710457 0.674873 -0.379100 0.000000 0.000000 0.000000 1.000000
0.971999 -0.208304 0.108750 8.479700 0.084330 0.741195 0.665972 -4.795500 -0.219329 -0.638153 0.738007 -0.379100 0.000000 0.000000 0.000000 1.000000
0.970922 -0.202259 0.128069 8.479700 0.086407 0.794983 0.600446 -4.795500 -0.223259 -0.571921 0.789343 -0.379100 0.000000 0.000000 0.000000 1.000000
0.972337 -0.192183 0.132768 8.479700 0.089347 0.831173 0.548788 -4.795500 -0.215821 -0.521744 0.825351 -0.379100 0.000000 0.000000 0.000000 1.000000
0.972904 -0.186273 0.136967 8.479700 0.092149 0.855706 0.509191 -4.795500 -0.212052 -0.482772 0.849685 -0.379100 0.000000 0.000000 0.000000 1.000000
0.970634 -0.187338 0.150910 8.479700 0.095376 0.875604 0.473521 -4.795500 -0.220846 -0.445222 0.867758 -0.379100 0.000000 0.000000 0.000000 1.000000
0.966287 -0.191675 0.171903 8.479700 0.099308 0.893467 0.438011 -4.795500 -0.237546 -0.406173 0.882381 -0.379100 0.000000 0.000000 0.000000 1.000000
0.962349 -0.193940 0.190453 8.479700 0.103276 0.909001 0.403797 -4.795500 -0.251435 -0.368924 0.894805 -0.379100 0.000000 0.000000 0.000000 1.000000
0.960264 -0.192146 0.202418 8.479700 0.106388 0.922517 0.371004 -4.795500 -0.258021 -0.334727 0.906302 -0.379100 0.000000 0.000000 0.000000 1.000000
0.959079 -0.187970 0.211740 8.479700 0.108764 0.935046 0.337430 -4.795500 -0.261414 -0.300593 0.917228 -0.379100 0.000000 0.000000 0.000000 1.000000
0.957715 -0.183187 0.221867 8.479700 0.110350 0.946018 0.304751 -4.795500 -0.265717 -0.267381 0.926230 -0.379100 0.000000 0.000000 0.000000 1.000000
0.956315 -0.177882 0.231991 8.479700 0.111764 0.955751 0.272120 -4.795500 -0.270131 -0.234304 0.933879 -0.379100 0.000000 0.000000 0.000000 1.000000
0.955179 -0.172191 0.240798 8.479700 0.112859 0.963809 0.241526 -4.795500 -0.273672 -0.203524 0.940043 -0.379100 0.000000 0.000000 0.000000 1.000000
0.955560 -0.166857 0.243028 8.479700 0.112348 0.968305 0.223075 -4.795500 -0.272547 -0.185858 0.944021 -0.379100 0.000000 0.000000 0.000000 1.000000</float_array><technique_common><accessor source="#LeftUpLeg-Matrix-animation-output-transform-array" count="62" stride="16"><param type="float4x4"/></accessor></technique_common></source><source id="LeftUpLeg-Interpolations"><Name_array id="LeftUpLeg-Interpolations-array" count="62">
 LINEAR LINEAR LINEAR LINEAR LINEAR LINEAR LINEAR LINEAR LINEAR LINEAR LINEAR
LINEAR LINEAR LINEAR LINEAR LINEAR LINEAR LINEAR LINEAR LINEAR LINEAR LINEAR LINEAR
LINEAR LINEAR LINEAR LINEAR LINEAR LINEAR LINEAR LINEAR LINEAR LINEAR LINEAR LINEAR
LINEAR LINEAR LINEAR LINEAR LINEAR LINEAR LINEAR LINEAR LINEAR LINEAR LINEAR LINEAR
LINEAR LINEAR LINEAR LINEAR LINEAR LINEAR LINEAR LINEAR LINEAR LINEAR LINEAR LINEAR
LINEAR LINEAR LINEAR</Name_array><technique_common><accessor source="#LeftUpLeg-Interpolations-array" count="62"><param type="name"/></accessor></technique_common></source><sampler id="LeftUpLeg-Matrix-animation-transform"><input semantic="INPUT" source="#LeftUpLeg-Matrix-animation-input"/><input semantic="OUTPUT" source="#LeftUpLeg-Matrix-animation-output-transform"/><input semantic="INTERPOLATION" source="#LeftUpLeg-Interpolations"/></sampler><channel source="#LeftUpLeg-Matrix-animation-transform" target="LeftUpLeg/matrix"/></animation>
    <animation id="LeftLeg-anim" name="LeftLeg"><source id="LeftLeg-Matrix-animation-input"><float_array id="LeftLeg-Matrix-animation-input-array" count="62">

0.000000 0.033333 0.066667 0.100000 0.133333 0.166667 0.200000 0.233333 0.266667 0.300000 0.333333 0.366667 0.400000 0.433333 0.466667 0.500000
0.533333 0.566667 0.600000 0.633333 0.666667 0.700000 0.733333 0.766667 0.800000 0.833333 0.866667 0.900000 0.933333 0.966667 1.000000 1.033333
1.066667 1.100000 1.133333 1.166667 1.200000 1.233333 1.266667 1.300000 1.333333 1.366667 1.400000 1.433333 1.466667 1.500000 1.533333 1.566667
1.600000 1.633333 1.666667 1.700000 1.733333 1.766667 1.800000 1.833333 1.866667 1.900000 1.933333 1.966667 2.000000 2.033333</float_array><technique_common><accessor source="#LeftLeg-Matrix-animation-input-array" count="62"><param name="TIME" type="float"/></accessor></technique_common></source><source id="LeftLeg-Matrix-animation-output-transform"><float_array id="LeftLeg-Matrix-animation-output-transform-array" count="992">

0.996648 -0.072428 0.038035 0.485100 0.079184 0.970882 -0.226094 -32.551498 -0.020552 0.228348 0.973363 0.112900 0.000000 0.000000 0.000000 1.000000
0.996941 -0.063954 0.044922 0.485100 0.072474 0.971635 -0.225107 -32.551498 -0.029251 0.227675 0.973298 0.112900 0.000000 0.000000 0.000000 1.000000
0.997114 -0.055484 0.051824 0.485100 0.065757 0.972317 -0.224223 -32.551498 -0.037948 0.226984 0.973159 0.112900 0.000000 0.000000 0.000000 1.000000
0.996924 -0.046818 0.062850 0.485100 0.059921 0.972229 -0.226231 -32.551498 -0.050513 0.229302 0.972044 0.112900 0.000000 0.000000 0.000000 1.000000
0.995821 -0.037503 0.083267 0.485100 0.056004 0.970999 -0.232432 -32.551498 -0.072136 0.236124 0.969042 0.112900 0.000000 0.000000 0.000000 1.000000
0.993599 -0.026990 0.109691 0.485100 0.053633 0.967326 -0.247800 -32.551498 -0.099419 0.252097 0.962581 0.112900 0.000000 0.000000 0.000000 1.000000
0.989796 -0.012221 0.141964 0.485100 0.053918 0.954354 -0.293770 -32.551498 -0.131894 0.298427 0.945275 0.112900 0.000000 0.000000 0.000000 1.000000
0.986433 0.006450 0.164040 0.485100 0.057323 0.922801 -0.380988 -32.551498 -0.153833 0.385222 0.909912 0.112900 0.000000 0.000000 0.000000 1.000000
0.983309 0.029085 0.179603 0.485100 0.061603 0.875612 -0.479071 -32.551498 -0.171197 0.482139 0.859205 0.112900 0.000000 0.000000 0.000000 1.000000
0.982016 0.053553 0.181041 0.485100 0.067303 0.796624 -0.600716 -32.551498 -0.176392 0.602098 0.778694 0.112900 0.000000 0.000000 0.000000 1.000000
0.980555 0.072899 0.182205 0.485100 0.082612 0.688841 -0.720190 -32.551498 -0.178011 0.721238 0.669423 0.112900 0.000000 0.000000 0.000000 1.000000
0.979782 0.081140 0.182877 0.485100 0.106872 0.560469 -0.821251 -32.551498 -0.169133 0.824191 0.540466 0.112900 0.000000 0.000000 0.000000 1.000000
0.979840 0.079958 0.183087 0.485100 0.132431 0.426216 -0.894876 -32.551498 -0.149587 0.901081 0.407034 0.112900 0.000000 0.000000 0.000000 1.000000
0.980126 0.076655 0.182968 0.485100 0.152025 0.302287 -0.941016 -32.551498 -0.127442 0.950130 0.284626 0.112900 0.000000 0.000000 0.000000 1.000000
0.982568 0.076294 0.169529 0.485100 0.151880 0.196439 -0.968682 -32.551498 -0.107207 0.977543 0.181427 0.112900 0.000000 0.000000 0.000000 1.000000
0.985177 0.077384 0.153097 0.485100 0.143913 0.112885 -0.983131 -32.551498 -0.093361 0.990590 0.100075 0.112900 0.000000 0.000000 0.000000 1.000000
0.985738 0.075722 0.150292 0.485100 0.145752 0.062311 -0.987357 -32.551498 -0.084129 0.995180 0.050386 0.112900 0.000000 0.000000 0.000000 1.000000
0.982294 0.070250 0.173677 0.485100 0.169884 0.056819 -0.983825 -32.551498 -0.078982 0.995910 0.043879 0.112900 0.000000 0.000000 0.000000 1.000000
0.981087 0.065613 0.182110 0.485100 0.175643 0.093657 -0.979989 -32.551498 -0.081356 0.993440 0.080361 0.112900 0.000000 0.000000 0.000000 1.000000
0.979841 0.065388 0.188776 0.485100 0.178721 0.135373 -0.974542 -32.551498 -0.089278 0.988635 0.120958 0.112900 0.000000 0.000000 0.000000 1.000000
0.978648 0.066463 0.194500 0.485100 0.178347 0.195813 -0.964287 -32.551498 -0.102175 0.978386 0.179778 0.112900 0.000000 0.000000 0.000000 1.000000
0.989374 0.054867 0.134646 0.485100 0.111409 0.308956 -0.944528 -32.551498 -0.093423 0.949492 0.299561 0.112900 0.000000 0.000000 0.000000 1.000000
0.999547 0.027992 0.011085 0.485100 0.001217 0.330323 -0.943867 -32.551498 -0.030082 0.943453 0.330139 0.112900 0.000000 0.000000 0.000000 1.000000
0.997990 0.000155 -0.063369 0.485100 -0.061318 0.254677 -0.965080 -32.551498 0.015989 0.967026 0.254174 0.112900 0.000000 0.000000 0.000000 1.000000
0.998377 -0.013939 -0.055225 0.485100 -0.054223 0.064205 -0.996463 -32.551498 0.017435 0.997839 0.063345 0.112900 0.000000 0.000000 0.000000 1.000000
0.999934 -0.010965 -0.003315 0.485100 -0.005485 -0.204209 -0.978912 -32.551498 0.010057 0.978866 -0.204255 0.112900 0.000000 0.000000 0.000000 1.000000
0.998462 -0.004478 0.055251 0.485100 0.047696 -0.438486 -0.897472 -32.551498 0.028246 0.898727 -0.437598 0.112900 0.000000 0.000000 0.000000 1.000000
0.991987 -0.011115 0.125852 0.485100 0.092407 -0.615470 -0.782724 -32.551498 0.086158 0.788082 -0.609511 0.112900 0.000000 0.000000 0.000000 1.000000
