<?xml version="1.0" encoding="utf-8"?>
<COLLADA xmlns="http://www.collada.org/2005/11/COLLADASchema" version="1.4.1">
  <asset><contributor><author>Mixamo</author><authoring_tool>COLLADA Mixamo exporter</authoring_tool><comments></comments></contributor><created>2021-04-13T18:21:13Z</created><modified>2021-04-13T18:21:13Z</modified><revision></revision><title></title><unit meter="0.010000"/><up_axis>Y_UP</up_axis></asset>
  <library_animations>
    <animation id="Hips-anim" name="Hips"><source id="Hips-Matrix-animation-input"><float_array id="Hips-Matrix-animation-input-array" count="32">

0.000000 0.033333 0.066667 0.100000 0.133333 0.166667 0.200000 0.233333 0.266667 0.300000 0.333333 0.366667 0.400000 0.433333 0.466667 0.500000
0.533333 0.566667 0.600000 0.633333 0.666667 0.700000 0.733333 0.766667 0.800000 0.833333 0.866667 0.900000 0.933333 0.966667 1.000000 1.033333</float_array><technique_common><accessor source="#Hips-Matrix-animation-input-array" count="32"><param name="TIME" type="float"/></accessor></technique_common></source><source id="Hips-Matrix-animation-output-transform"><float_array id="Hips-Matrix-animation-output-transform-array" count="512">

0.404127 0.134986 0.904688 0.602244 -0.040553 0.990723 -0.129708 80.006630 -0.913804 0.015730 0.405852 0.126602 0.000000 0.000000 0.000000 1.000000
0.405147 0.127535 0.905312 -0.100327 -0.016183 0.991068 -0.132373 80.682335 -0.914108 0.038980 0.403592 0.527836 0.000000 0.000000 0.000000 1.000000
0.410702 0.128850 0.902619 -0.788482 -0.009919 0.990537 -0.136887 80.930481 -0.911716 0.047267 0.408093 0.824878 0.000000 0.000000 0.000000 1.000000
0.420358 0.137383 0.896897 -1.306734 -0.021797 0.989715 -0.141385 80.699455 -0.907096 0.039882 0.419029 1.020003 0.000000 0.000000 0.000000 1.000000
0.439077 0.150538 0.885748 -1.482413 -0.050127 0.988432 -0.143141 79.843933 -0.897050 0.018450 0.441544 1.113286 0.000000 0.000000 0.000000 1.000000
0.464804 0.158379 0.871133 -1.331034 -0.080371 0.987357 -0.136626 78.514275 -0.881758 -0.006509 0.471657 1.175364 0.000000 0.000000 0.000000 1.000000
0.481479 0.158350 0.862034 -1.418164 -0.091223 0.987256 -0.130401 77.201004 -0.871697 -0.015852 0.489788 1.256355 0.000000 0.000000 0.000000 1.000000
0.486236 0.147690 0.861256 -1.571214 -0.076390 0.989024 -0.126473 75.908279 -0.870482 -0.004296 0.492181 1.274124 0.000000 0.000000 0.000000 1.000000
0.486997 0.123257 0.864663 -1.013086 -0.048289 0.992278 -0.114251 75.142616 -0.872068 0.013886 0.489188 1.086496 0.000000 0.000000 0.000000 1.000000
0.484801 0.109006 0.867805 0.173464 -0.032850 0.993772 -0.106478 74.931511 -0.874007 0.023113 0.485363 0.639944 0.000000 0.000000 0.000000 1.000000
0.482598 0.102878 0.869779 0.655124 -0.010903 0.993706 -0.111486 74.348122 -0.875774 0.044320 0.480682 0.268765 0.000000 0.000000 0.000000 1.000000
0.485041 0.085471 0.870304 0.615974 0.021488 0.993747 -0.109571 74.230392 -0.874227 0.071848 0.480171 0.020586 0.000000 0.000000 0.000000 1.000000
0.493239 0.065289 0.867441 0.535850 0.048925 0.993519 -0.102598 74.678436 -0.868517 0.093045 0.486848 -0.130284 0.000000 0.000000 0.000000 1.000000
0.481965 0.061010 0.874064 0.609315 0.051785 0.993845 -0.097926 75.868385 -0.874659 0.092460 0.475840 -0.232494 0.000000 0.000000 0.000000 1.000000
0.456033 0.060074 0.887933 0.683463 0.047462 0.994658 -0.091671 77.342323 -0.888696 0.083948 0.450745 -0.205829 0.000000 0.000000 0.000000 1.000000
0.435426 0.059687 0.898244 0.712273 0.039166 0.995599 -0.085141 78.763222 -0.899372 0.072253 0.431171 -0.103642 0.000000 0.000000 0.000000 1.000000
0.416347 0.065361 0.906854 0.611884 0.022109 0.996390 -0.081965 79.928574 -0.908937 0.054175 0.413399 -0.002858 0.000000 0.000000 0.000000 1.000000
0.388181 0.077923 0.918283 0.416789 0.003166 0.996300 -0.085882 80.475914 -0.921578 0.036245 0.386498 0.157861 0.000000 0.000000 0.000000 1.000000
0.352584 0.090365 0.931407 0.221771 -0.002648 0.995419 -0.095573 80.388840 -0.935776 0.031231 0.351208 0.391920 0.000000 0.000000 0.000000 1.000000
0.303744 0.096486 0.947855 0.063551 0.004257 0.994711 -0.102620 79.756042 -0.952744 0.035206 0.301727 0.614247 0.000000 0.000000 0.000000 1.000000
0.229343 0.095701 0.968629 0.266409 0.023136 0.994338 -0.103719 78.361908 -0.973071 0.046198 0.225830 0.794587 0.000000 0.000000 0.000000 1.000000
0.152943 0.093473 0.983804 0.612149 0.046269 0.993748 -0.101611 76.734001 -0.987151 0.061060 0.147662 0.894550 0.000000 0.000000 0.000000 1.000000
0.103728 0.094895 0.990068 0.761912 0.056212 0.993288 -0.101093 75.443810 -0.993016 0.066140 0.097698 0.858884 0.000000 0.000000 0.000000 1.000000
0.098604 0.100615 0.990027 1.175191 0.045203 0.993396 -0.105459 74.556381 -0.994100 0.055151 0.093404 0.809640 0.000000 0.000000 0.000000 1.000000
0.123700 0.106210 0.986619 2.048194 0.022526 0.993699 -0.109797 74.009659 -0.992064 0.035807 0.120528 0.810672 0.000000 0.000000 0.000000 1.000000
0.174327 0.116092 0.977820 2.561289 -0.024889 0.993228 -0.113484 74.318115 -0.984373 -0.004554 0.176036 0.674192 0.000000 0.000000 0.000000 1.000000
0.227341 0.127496 0.965433 2.444251 -0.073104 0.990829 -0.113635 74.532387 -0.971067 -0.044743 0.234577 0.519286 0.000000 0.000000 0.000000 1.000000
0.276802 0.137930 0.950976 1.827946 -0.107583 0.987871 -0.111966 74.895447 -0.954886 -0.071316 0.288283 0.497748 0.000000 0.000000 0.000000 1.000000
0.319774 0.142456 0.936723 1.633428 -0.116151 0.987070 -0.110462 76.068573 -0.940347 -0.073479 0.332186 0.465026 0.000000 0.000000 0.000000 1.000000
0.357564 0.138779 0.923519 1.432263 -0.093509 0.989247 -0.112452 77.499825 -0.929195 -0.046149 0.366696 0.321254 0.000000 0.000000 0.000000 1.000000
0.388914 0.135264 0.911290 1.096585 -0.066234 0.990708 -0.118786 78.827934 -0.918890 -0.014161 0.394259 0.164842 0.000000 0.000000 0.000000 1.000000
0.404127 0.134986 0.904688 0.602244 -0.040553 0.990723 -0.129708 80.006638 -0.913804 0.015731 0.405851 0.126603 0.000000 0.000000 0.000000 1.000000</float_array><technique_common><accessor source="#Hips-Matrix-animation-output-transform-array" count="32" stride="16"><param type="float4x4"/></accessor></technique_common></source><source id="Hips-Interpolations"><Name_array id="Hips-Interpolations-array" count="32">
 LINEAR LINEAR LINEAR LINEAR LINEAR LINEAR LINEAR LINEAR LINEAR LINEAR LINEAR
LINEAR LINEAR LINEAR LINEAR LINEAR LINEAR LINEAR LINEAR LINEAR LINEAR LINEAR LINEAR
LINEAR LINEAR LINEAR LINEAR LINEAR LINEAR LINEAR LINEAR LINEAR</Name_array><technique_common><accessor source="#Hips-Interpolations-array" count="32"><param type="name"/></accessor></technique_common></source><sampler id="Hips-Matrix-animation-transform"><input semantic="INPUT" source="#Hips-Matrix-animation-input"/><input semantic="OUTPUT" source="#Hips-Matrix-animation-output-transform"/><input semantic="INTERPOLATION" source="#Hips-Interpolations"/></sampler><channel source="#Hips-Matrix-animation-transform" target="Hips/matrix"/></animation>
    <animation id="Pelvis-anim" name="Pelvis"><source id="Pelvis-Matrix-animation-input"><float_array id="Pelvis-Matrix-animation-input-array" count="32">

0.000000 0.033333 0.066667 0.100000 0.133333 0.166667 0.200000 0.233333 0.266667 0.300000 0.333333 0.366667 0.400000 0.433333 0.466667 0.500000
0.533333 0.566667 0.600000 0.633333 0.666667 0.700000 0.733333 0.766667 0.800000 0.833333 0.866667 0.900000 0.933333 0.966667 1.000000 1.033333</float_array><technique_common><accessor source="#Pelvis-Matrix-animation-input-array" count="32"><param name="TIME" type="float"/></accessor></technique_common></source><source id="Pelvis-Matrix-animation-output-transform"><float_array id="Pelvis-Matrix-animation-output-transform-array" count="512">

1.000000 -0.000000 -0.000000 0.000000 0.000000 1.000000 0.000000 0.000000 -0.000000 0.000000 1.000000 0.000000 0.000000 0.000000 0.000000 1.000000
1.000000 0.000000 0.000000 0.000000 -0.000000 1.000000 -0.000000 0.000000 0.000000 0.000000 1.000000 0.000000 0.000000 0.000000 0.000000 1.000000
1.000000 0.000000 -0.000000 0.000000 0.000000 1.000000 0.000000 0.000000 -0.000000 0.000000 1.000000 0.000000 0.000000 0.000000 0.000000 1.000000
1.000000 0.000000 0.000000 0.000000 0.000000 1.000000 -0.000000 0.000000 0.000000 -0.000000 1.000000 0.000000 0.000000 0.000000 0.000000 1.000000
1.000000 0.000000 0.000000 0.000000 -0.000000 1.000000 -0.000000 0.000000 -0.000000 -0.000000 1.000000 0.000000 0.000000 0.000000 0.000000 1.000000
1.000000 0.000000 0.000000 0.000000 -0.000000 1.000000 0.000000 0.000000 0.000000 -0.000000 1.000000 0.000000 0.000000 0.000000 0.000000 1.000000
1.000000 0.000000 0.000000 0.000000 -0.000000 1.000000 0.000000 0.000000 0.000000 -0.000000 1.000000 0.000000 0.000000 0.000000 0.000000 1.000000
1.000000 0.000000 0.000000 0.000000 -0.000000 1.000000 0.000000 0.000000 0.000000 -0.000000 1.000000 0.000000 0.000000 0.000000 0.000000 1.000000
1.000000 0.000000 0.000000 0.000000 0.000000 1.000000 0.000000 0.000000 0.000000 0.000000 1.000000 0.000000 0.000000 0.000000 0.000000 1.000000
1.000000 0.000000 -0.000000 0.000000 -0.000000 1.000000 0.000000 0.000000 -0.000000 -0.000000 1.000000 0.000000 0.000000 0.000000 0.000000 1.000000
1.000000 0.000000 -0.000000 0.000000 0.000000 1.000000 -0.000000 0.000000 0.000000 0.000000 1.000000 0.000000 0.000000 0.000000 0.000000 1.000000
1.000000 0.000000 0.000000 0.000000 0.000000 1.000000 0.000000 0.000000 -0.000000 0.000000 1.000000 0.000000 0.000000 0.000000 0.000000 1.000000
1.000000 0.000000 0.000000 0.000000 -0.000000 1.000000 0.000000 0.000000 0.000000 -0.000000 1.000000 0.000000 0.000000 0.000000 0.000000 1.000000
1.000000 0.000000 0.000000 0.000000 -0.000000 1.000000 0.000000 0.000000 0.000000 -0.000000 1.000000 0.000000 0.000000 0.000000 0.000000 1.000000
1.000000 0.000000 -0.000000 0.000000 0.000000 1.000000 0.000000 0.000000 0.000000 -0.000000 1.000000 0.000000 0.000000 0.000000 0.000000 1.000000
1.000000 0.000000 -0.000000 0.000000 0.000000 1.000000 0.000000 0.000000 -0.000000 0.000000 1.000000 0.000000 0.000000 0.000000 0.000000 1.000000
1.000000 -0.000000 -0.000000 0.000000 -0.000000 1.000000 0.000000 0.000000 0.000000 0.000000 1.000000 0.000000 0.000000 0.000000 0.000000 1.000000
1.000000 0.000000 0.000000 0.000000 -0.000000 1.000000 0.000000 0.000000 0.000000 -0.000000 1.000000 0.000000 0.000000 0.000000 0.000000 1.000000
1.000000 0.000000 -0.000000 0.000000 -0.000000 1.000000 0.000000 0.000000 0.000000 0.000000 1.000000 0.000000 0.000000 0.000000 0.000000 1.000000
1.000000 -0.000000 -0.000000 0.000000 0.000000 1.000000 -0.000000 0.000000 0.000000 0.000000 1.000000 0.000000 0.000000 0.000000 0.000000 1.000000
1.000000 -0.000000 -0.000000 0.000000 -0.000000 1.000000 -0.000000 0.000000 0.000000 0.000000 1.000000 0.000000 0.000000 0.000000 0.000000 1.000000
1.000000 0.000000 0.000000 0.000000 0.000000 1.000000 -0.000000 0.000000 0.000000 -0.000000 1.000000 0.000000 0.000000 0.000000 0.000000 1.000000
1.000000 0.000000 0.000000 0.000000 0.000000 1.000000 0.000000 0.000000 -0.000000 0.000000 1.000000 0.000000 0.000000 0.000000 0.000000 1.000000
1.000000 -0.000000 -0.000000 0.000000 -0.000000 1.000000 -0.000000 0.000000 0.000000 -0.000000 1.000000 0.000000 0.000000 0.000000 0.000000 1.000000
1.000000 0.000000 0.000000 0.000000 0.000000 1.000000 -0.000000 0.000000 0.000000 -0.000000 1.000000 0.000000 0.000000 0.000000 0.000000 1.000000
1.000000 -0.000000 0.000000 0.000000 -0.000000 1.000000 -0.000000 0.000000 0.000000 0.000000 1.000000 0.000000 0.000000 0.000000 0.000000 1.000000
1.000000 0.000000 -0.000000 0.000000 -0.000000 1.000000 -0.000000 0.000000 -0.000000 -0.000000 1.000000 0.000000 0.000000 0.000000 0.000000 1.000000
1.000000 0.000000 0.000000 0.000000 -0.000000 1.000000 0.000000 0.000000 0.000000 0.000000 1.000000 0.000000 0.000000 0.000000 0.000000 1.000000
1.000000 0.000000 0.000000 0.000000 0.000000 1.000000 -0.000000 0.000000 0.000000 -0.000000 1.000000 0.000000 0.000000 0.000000 0.000000 1.000000
1.000000 -0.000000 0.000000 0.000000 0.000000 1.000000 0.000000 0.000000 0.000000 0.000000 1.000000 0.000000 0.000000 0.000000 0.000000 1.000000
1.000000 -0.000000 0.000000 0.000000 -0.000000 1.000000 -0.000000 0.000000 0.000000 0.000000 1.000000 0.000000 0.000000 0.000000 0.000000 1.000000
1.000000 0.000000 0.000000 0.000000 -0.000000 1.000000 -0.000000 0.000000 -0.000000 0.000000 1.000000 0.000000 0.000000 0.000000 0.000000 1.000000</float_array><technique_common><accessor source="#Pelvis-Matrix-animation-output-transform-array" count="32" stride="16"><param type="float4x4"/></accessor></technique_common></source><source id="Pelvis-Interpolations"><Name_array id="Pelvis-Interpolations-array" count="32">
 LINEAR LINEAR LINEAR LINEAR LINEAR LINEAR LINEAR LINEAR LINEAR LINEAR LINEAR
LINEAR LINEAR LINEAR LINEAR LINEAR LINEAR LINEAR LINEAR LINEAR LINEAR LINEAR LINEAR
LINEAR LINEAR LINEAR LINEAR LINEAR LINEAR LINEAR LINEAR LINEAR</Name_array><technique_common><accessor source="#Pelvis-Interpolations-array" count="32"><param type="name"/></accessor></technique_common></source><sampler id="Pelvis-Matrix-animation-transform"><input semantic="INPUT" source="#Pelvis-Matrix-animation-input"/><input semantic="OUTPUT" source="#Pelvis-Matrix-animation-output-transform"/><input semantic="INTERPOLATION" source="#Pelvis-Interpolations"/></sampler><channel source="#Pelvis-Matrix-animation-transform" target="Pelvis/matrix"/></animation>
    <animation id="LeftUpLeg-anim" name="LeftUpLeg"><source id="LeftUpLeg-Matrix-animation-input"><float_array id="LeftUpLeg-Matrix-animation-input-array" count="32">

0.000000 0.033333 0.066667 0.100000 0.133333 0.166667 0.200000 0.233333 0.266667 0.300000 0.333333 0.366667 0.400000 0.433333 0.466667 0.500000
0.533333 0.566667 0.600000 0.633333 0.666667 0.700000 0.733333 0.766667 0.800000 0.833333 0.866667 0.900000 0.933333 0.966667 1.000000 1.033333</float_array><technique_common><accessor source="#LeftUpLeg-Matrix-animation-input-array" count="32"><param name="TIME" type="float"/></accessor></technique_common></source><source id="LeftUpLeg-Matrix-animation-output-transform"><float_array id="LeftUpLeg-Matrix-animation-output-transform-array" count="512">

0.969165 -0.122137 0.214013 8.479700 -0.022806 0.820328 0.571438 -4.795500 -0.245354 -0.558699 0.792248 -0.379100 0.000000 0.000000 0.000000 1.000000
0.973954 -0.123887 0.189909 8.479700 -0.017751 0.793314 0.608554 -4.795500 -0.226049 -0.596074 0.770453 -0.379100 0.000000 0.000000 0.000000 1.000000
0.978208 -0.137364 0.155693 8.479700 0.009918 0.779927 0.625791 -4.795500 -0.207390 -0.610610 0.764294 -0.379100 0.000000 0.000000 0.000000 1.000000
0.977385 -0.178128 0.113969 8.479700 0.069504 0.779597 0.622413 -4.795500 -0.199719 -0.600416 0.774347 -0.379100 0.000000 0.000000 0.000000 1.000000
0.966381 -0.245789 0.075469 8.479700 0.147398 0.770103 0.620657 -4.795500 -0.210670 -0.588667 0.780442 -0.379100 0.000000 0.000000 0.000000 1.000000
0.948936 -0.312534 0.042927 8.479700 0.204243 0.712360 0.671437 -4.795500 -0.240427 -0.628384 0.739817 -0.379100 0.000000 0.000000 0.000000 1.000000
0.937538 -0.345307 0.042262 8.479700 0.220032 0.682686 0.696797 -4.795500 -0.269461 -0.643975 0.716022 -0.379100 0.000000 0.000000 0.000000 1.000000
0.944640 -0.322967 0.057851 8.479700 0.189986 0.682164 0.706086 -4.795500 -0.267506 -0.656006 0.705759 -0.379100 0.000000 0.000000 0.000000 1.000000
0.962450 -0.265825 0.055025 8.479700 0.135997 0.647588 0.749756 -4.795500 -0.234937 -0.714120 0.659422 -0.379100 0.000000 0.000000 0.000000 1.000000
0.977056 -0.205551 0.055768 8.479700 0.102439 0.683110 0.723095 -4.795500 -0.186729 -0.700792 0.688493 -0.379100 0.000000 0.000000 0.000000 1.000000
0.986264 -0.157069 0.051115 8.479700 0.064140 0.649350 0.757780 -4.795500 -0.152215 -0.744093 0.650505 -0.379100 0.000000 0.000000 0.000000 1.000000
0.990436 -0.107022 0.087083 8.479700 0.005798 0.662874 0.748708 -4.795500 -0.137853 -0.741043 0.657155 -0.379100 0.000000 0.000000 0.000000 1.000000
0.989927 -0.059450 0.128493 8.479700 -0.049290 0.706081 0.706413 -4.795500 -0.132723 -0.705631 0.696038 -0.379100 0.000000 0.000000 0.000000 1.000000
0.988821 -0.016870 0.148148 8.479700 -0.082835 0.763995 0.639883 -4.795500 -0.123980 -0.645002 0.754057 -0.379100 0.000000 0.000000 0.000000 1.000000
0.988337 0.025766 0.150085 8.479700 -0.105232 0.827954 0.550834 -4.795500 -0.110071 -0.560203 0.821009 -0.379100 0.000000 0.000000 0.000000 1.000000
0.987695 0.059740 0.144531 8.479700 -0.118779 0.887727 0.444783 -4.795500 -0.101733 -0.456477 0.883900 -0.379100 0.000000 0.000000 0.000000 1.000000
0.987824 0.079594 0.133675 8.479700 -0.120617 0.934503 0.334895 -4.795500 -0.098264 -0.346941 0.932725 -0.379100 0.000000 0.000000 0.000000 1.000000
0.988364 0.088410 0.123777 8.479700 -0.116462 0.963283 0.241915 -4.795500 -0.097845 -0.253515 0.962370 -0.379100 0.000000 0.000000 0.000000 1.000000
0.987014 0.101570 0.124448 8.479700 -0.121231 0.979274 0.162248 -4.795500 -0.105389 -0.175228 0.978871 -0.379100 0.000000 0.000000 0.000000 1.000000
0.983736 0.119087 0.134468 8.479700 -0.131297 0.987615 0.085892 -4.795500 -0.122574 -0.102150 0.987188 -0.379100 0.000000 0.000000 0.000000 1.000000
0.980135 0.131447 0.148517 8.479700 -0.135045 0.990735 0.014363 -4.795500 -0.145253 -0.034134 0.988806 -0.379100 0.000000 0.000000 0.000000 1.000000
0.977592 0.137305 0.159564 8.479700 -0.126701 0.989111 -0.074877 -4.795500 -0.168107 0.052983 0.984344 -0.379100 0.000000 0.000000 0.000000 1.000000
0.976489 0.133069 0.169594 8.479700 -0.105747 0.981263 -0.161060 -4.795500 -0.187849 0.139339 0.972264 -0.379100 0.000000 0.000000 0.000000 1.000000
0.975925 0.114641 0.185548 8.479700 -0.075211 0.975428 -0.207082 -4.795500 -0.204729 0.188141 0.960567 -0.379100 0.000000 0.000000 0.000000 1.000000
0.970566 0.109804 0.214346 8.479700 -0.046453 0.958655 -0.280752 -4.795500 -0.236312 0.262532 0.935539 -0.379100 0.000000 0.000000 0.000000 1.000000
0.959277 0.100173 0.264107 8.479700 -0.007313 0.943499 -0.331295 -4.795500 -0.282371 0.315872 0.905810 -0.379100 0.000000 0.000000 0.000000 1.000000
0.958180 -0.027215 0.284869 8.479700 0.042805 0.997899 -0.048642 -4.795500 -0.282947 0.058801 0.957331 -0.379100 0.000000 0.000000 0.000000 1.000000
0.964168 -0.093362 0.248320 8.479700 0.063096 0.989871 0.127178 -4.795500 -0.257679 -0.106953 0.960293 -0.379100 0.000000 0.000000 0.000000 1.000000
0.968594 -0.117435 0.219167 8.479700 0.051318 0.956878 0.285922 -4.795500 -0.243293 -0.265695 0.932853 -0.379100 0.000000 0.000000 0.000000 1.000000
0.969076 -0.113914 0.218894 8.479700 0.014305 0.911511 0.411027 -4.795500 -0.246346 -0.395185 0.884953 -0.379100 0.000000 0.000000 0.000000 1.000000
0.968868 -0.115055 0.219219 8.479700 -0.011443 0.863699 0.503878 -4.795500 -0.247313 -0.490700 0.835494 -0.379100 0.000000 0.000000 0.000000 1.000000
0.969165 -0.122082 0.214046 8.479700 -0.022872 0.820326 0.571438 -4.795500 -0.245350 -0.558713 0.792239 -0.379100 0.000000 0.000000 0.000000 1.000000</float_array><technique_common><accessor source="#LeftUpLeg-Matrix-animation-output-transform-array" count="32" stride="16"><param type="float4x4"/></accessor></technique_common></source><source id="LeftUpLeg-Interpolations"><Name_array id="LeftUpLeg-Interpolations-array" count="32">
 LINEAR LINEAR LINEAR LINEAR LINEAR LINEAR LINEAR LINEAR LINEAR LINEAR LINEAR
LINEAR LINEAR LINEAR LINEAR LINEAR LINEAR LINEAR LINEAR LINEAR LINEAR LINEAR LINEAR
LINEAR LINEAR LINEAR LINEAR LINEAR LINEAR LINEAR LINEAR LINEAR</Name_array><technique_common><accessor source="#LeftUpLeg-Interpolations-array" count="32"><param type="name"/></accessor></technique_common></source><sampler id="LeftUpLeg-Matrix-animation-transform"><input semantic="INPUT" source="#LeftUpLeg-Matrix-animation-input"/><input semantic="OUTPUT" source="#LeftUpLeg-Matrix-animation-output-transform"/><input semantic="INTERPOLATION" source="#LeftUpLeg-Interpolations"/></sampler><channel source="#LeftUpLeg-Matrix-animation-transform" target="LeftUpLeg/matrix"/></animation>
    <animation id="LeftLeg-anim" name="LeftLeg"><source id="LeftLeg-Matrix-animation-input"><float_array id="LeftLeg-Matrix-animation-input-array" count="32">

0.000000 0.033333 0.066667 0.100000 0.133333 0.166667 0.200000 0.233333 0.266667 0.300000 0.333333 0.366667 0.400000 0.433333 0.466667 0.500000
0.533333 0.566667 0.600000 0.633333 0.666667 0.700000 0.733333 0.766667 0.800000 0.833333 0.866667 0.900000 0.933333 0.966667 1.000000 1.033333</float_array><technique_common><accessor source="#LeftLeg-Matrix-animation-input-array" count="32"><param name="TIME" type="float"/></accessor></technique_common></source><source id="LeftLeg-Matrix-animation-output-transform"><float_array id="LeftLeg-Matrix-animation-output-transform-array" count="512">

0.999764 0.011606 -0.018363 0.485100 -0.021699 0.493865 -0.869268 -32.551498 -0.001020 0.869461 0.494000 0.112900 0.000000 0.000000 0.000000 1.000000
0.999881 0.009489 -0.012129 0.485100 -0.015399 0.625543 -0.780037 -32.551498 0.000185 0.780132 0.625615 0.112900 0.000000 0.000000 0.000000 1.000000
0.999975 0.006732 -0.002312 0.485100 -0.006684 0.776509 -0.630071 -32.551498 -0.002446 0.630071 0.776534 0.112900 0.000000 0.000000 0.000000 1.000000
0.999826 0.003211 -0.018372 0.485100 -0.010645 0.907105 -0.420769 -32.551498 0.015314 0.420891 0.906982 0.112900 0.000000 0.000000 0.000000 1.000000
0.999937 -0.000369 -0.011187 0.485100 -0.002028 0.976924 -0.213578 -32.551498 0.011008 0.213587 0.976862 0.112900 0.000000 0.000000 0.000000 1.000000
0.999795 -0.000396 0.020248 0.485100 0.004239 0.981762 -0.190066 -32.551498 -0.019804 0.190112 0.981563 0.112900 0.000000 0.000000 0.000000 1.000000
0.998415 0.002643 0.056216 0.485100 0.008624 0.979915 -0.199230 -32.551498 -0.055613 0.199399 0.978339 0.112900 0.000000 0.000000 0.000000 1.000000
0.997342 0.004339 0.072731 0.485100 0.014541 0.966290 -0.257046 -32.551498 -0.071395 0.257421 0.963658 0.112900 0.000000 0.000000 0.000000 1.000000
0.999666 -0.000854 0.025819 0.485100 0.011439 0.910752 -0.412795 -32.551498 -0.023162 0.412952 0.910458 0.112900 0.000000 0.000000 0.000000 1.000000
0.999625 -0.002809 -0.027224 0.485100 -0.008540 0.913030 -0.407802 -32.551498 0.026002 0.407882 0.912664 0.112900 0.000000 0.000000 0.000000 1.000000
0.999891 0.000753 -0.014775 0.485100 -0.009447 0.801065 -0.598503 -32.551498 0.011385 0.598577 0.800984 0.112900 0.000000 0.000000 0.000000 1.000000
0.999990 0.003668 -0.002441 0.485100 -0.004345 0.728729 -0.684789 -32.551498 -0.000733 0.684793 0.728738 0.112900 0.000000 0.000000 0.000000 1.000000
0.999953 0.005474 0.007984 0.485100 0.001888 0.698713 -0.715399 -32.551498 -0.009495 0.715381 0.698670 0.112900 0.000000 0.000000 0.000000 1.000000
0.999962 0.006593 0.005753 0.485100 -0.000682 0.714221 -0.699920 -32.551498 -0.008723 0.699889 0.714198 0.112900 0.000000 0.000000 0.000000 1.000000
0.999960 0.007409 -0.004970 0.485100 -0.008860 0.759611 -0.650317 -32.551498 -0.001043 0.650336 0.759646 0.112900 0.000000 0.000000 0.000000 1.000000
0.999929 0.007391 -0.009384 0.485100 -0.011448 0.817278 -0.576130 -32.551498 0.003411 0.576196 0.817304 0.112900 0.000000 0.000000 0.000000 1.000000
0.999879 0.006907 -0.013947 0.485100 -0.012826 0.873296 -0.487021 -32.551498 0.008816 0.487141 0.873279 0.112900 0.000000 0.000000 0.000000 1.000000
0.999456 0.007989 -0.031983 0.485100 -0.020547 0.909652 -0.414863 -32.551498 0.025779 0.415295 0.909322 0.112900 0.000000 0.000000 0.000000 1.000000
0.997628 0.010180 -0.068085 0.485100 -0.034375 0.930546 -0.364557 -32.551498 0.059645 0.366033 0.928688 0.112900 0.000000 0.000000 0.000000 1.000000
0.993162 0.011599 -0.116167 0.485100 -0.050206 0.940776 -0.335292 -32.551498 0.105398 0.338831 0.934925 0.112900 0.000000 0.000000 0.000000 1.000000
0.989728 0.014731 -0.142199 0.485100 -0.063763 0.935747 -0.346859 -32.551498 0.127953 0.352363 0.927075 0.112900 0.000000 0.000000 0.000000 1.000000
0.989731 0.018100 -0.141793 0.485100 -0.065567 0.938929 -0.337808 -32.551498 0.127019 0.343636 0.930473 0.112900 0.000000 0.000000 0.000000 1.000000
0.989726 0.021543 -0.141347 0.485100 -0.064973 0.948382 -0.310404 -32.551498 0.127364 0.316398 0.940037 0.112900 0.000000 0.000000 0.000000 1.000000
0.988843 0.026302 -0.146620 0.485100 -0.073407 0.942515 -0.326001 -32.551498 0.129617 0.333127 0.933930 0.112900 0.000000 0.000000 0.000000 1.000000
0.988733 0.023829 -0.147782 0.485100 -0.066816 0.953697 -0.293255 -32.551498 0.133951 0.299825 0.944543 0.112900 0.000000 0.000000 0.000000 1.000000
0.984572 0.022294 -0.173556 0.485100 -0.066663 0.964842 -0.254237 -32.551498 0.161786 0.261885 0.951442 0.112900 0.000000 0.000000 0.000000 1.000000
0.985728 0.023424 -0.166708 0.485100 -0.122015 0.781676 -0.611633 -32.551498 0.115985 0.623244 0.773378 0.112900 0.000000 0.000000 0.000000 1.000000
0.987370 0.022372 -0.156846 0.485100 -0.137052 0.617274 -0.774719 -32.551498 0.079484 0.786430 0.612544 0.112900 0.000000 0.000000 0.000000 1.000000
0.988661 0.023098 -0.148377 0.485100 -0.142694 0.452292 -0.880381 -32.551498 0.046774 0.891571 0.450460 0.112900 0.000000 0.000000 0.000000 1.000000
0.989511 0.021048 -0.142916 0.485100 -0.140139 0.379970 -0.914322 -32.551498 0.035060 0.924759 0.378934 0.112900 0.000000 0.000000 0.000000 1.000000
0.998228 0.014968 -0.057585 0.485100 -0.058718 0.404083 -0.912836 -32.551498 0.009606 0.914600 0.404246 0.112900 0.000000 0.000000 0.000000 1.000000
0.999766 0.011492 -0.018330 0.485100 -0.021614 0.493865 -0.869270 -32.551498 -0.000937 0.869463 0.493997 0.112900 0.000000 0.000000 0.000000 1.000000</float_array><technique_common><accessor source="#LeftLeg-Matrix-animation-output-transform-array" count="32" stride="16"><param type="float4x4"/></accessor></technique_common></source><source id="LeftLeg-Interpolations"><Name_array id="LeftLeg-Interpolations-array" count="32">
 LINEAR LINEAR LINEAR LINEAR LINEAR LINEAR LINEAR LINEAR LINEAR LINEAR LINEAR
LINEAR LINEAR LINEAR LINEAR LINEAR LINEAR LINEAR LINEAR LINEAR LINEAR LINEAR LINEAR
LINEAR LINEAR LINEAR LINEAR LINEAR LINEAR LINEAR LINEAR LINEAR</Name_array><technique_common><accessor source="#LeftLeg-Interpolations-array" count="32"><param type="name"/></accessor></technique_common></source><sampler id="LeftLeg-Matrix-animation-transform"><input semantic="INPUT" source="#LeftLeg-Matrix-animation-input"/><input semantic="OUTPUT" source="#LeftLeg-Matrix-animation-output-transform"/><input semantic="INTERPOLATION" source="#LeftLeg-Interpolations"/></sampler><channel source="#LeftLeg-Matrix-animation-transform" target="LeftLeg/matrix"/></animation>
    <animation id="LeftFoot-anim" name="LeftFoot"><source id="LeftFoot-Matrix-animation-input"><float_array id="LeftFoot-Matrix-animation-input-array" count="32">

0.000000 0.033333 0.066667 0.100000 0.133333 0.166667 0.200000 0.233333 0.266667 0.300000 0.333333 0.366667 0.400000 0.433333 0.466667 0.500000
0.533333 0.566667 0.600000 0.633333 0.666667 0.700000 0.733333 0.766667 0.800000 0.833333 0.866667 0.900000 0.933333 0.966667 1.000000 1.033333</float_array><technique_common><accessor source="#LeftFoot-Matrix-animation-input-array" count="32"><param name="TIME" type="float"/></accessor></technique_common></source><source id="LeftFoot-Matrix-animation-output-transform"><float_array id="LeftFoot-Matrix-animation-output-transform-array" count="512">

0.998570 -0.053424 -0.002048 0.438000 0.053419 0.998569 -0.002598 -32.635700 0.002184 0.002485 0.999995 -3.012600 0.000000 0.000000 0.000000 1.000000
0.999954 0.009561 0.001069 0.438000 -0.009590 0.999458 0.031505 -32.635700 -0.000768 -0.031514 0.999503 -3.012600 0.000000 0.000000 0.000000 1.000000
0.999555 0.029786 0.001349 0.438000 -0.029817 0.998632 0.042953 -32.635700 -0.000068 -0.042974 0.999076 -3.012600 0.000000 0.000000 0.000000 1.000000
0.993968 0.109421 0.007357 0.438000 -0.109668 0.991917 0.063830 -32.635700 -0.000313 -0.064252 0.997934 -3.012600 0.000000 0.000000 0.000000 1.000000
0.985636 0.168176 0.015462 0.438000 -0.168849 0.979388 0.110857 -32.635700 0.003500 -0.111876 0.993716 -3.012600 0.000000 0.000000 0.000000 1.000000
0.993082 0.117119 0.008427 0.438000 -0.116226 0.970226 0.212490 -32.635700 0.016710 -0.211999 0.977127 -3.012600 0.000000 0.000000 0.000000 1.000000
0.987976 0.153759 0.016165 0.438000 -0.152352 0.950449 0.270990 -32.635700 0.026303 -0.270194 0.962446 -3.012600 0.000000 0.000000 0.000000 1.000000
0.985805 0.166429 0.022127 0.438000 -0.167052 0.959135 0.228371 -32.635700 0.016785 -0.228826 0.973323 -3.012600 0.000000 0.000000 0.000000 1.000000
0.993453 0.114122 0.005224 0.438000 -0.114089 0.993451 -0.006215 -32.635700 -0.005899 0.005578 0.999967 -3.012600 0.000000 0.000000 0.000000 1.000000
0.995007 0.099807 -0.000463 0.438000 -0.096408 0.959900 -0.263243 -32.635700 -0.025829 0.261974 0.964729 -3.012600 0.000000 0.000000 0.000000 1.000000
0.997477 0.070791 0.005405 0.438000 -0.069804 0.991767 -0.107362 -32.635700 -0.012961 0.106714 0.994205 -3.012600 0.000000 0.000000 0.000000 1.000000
0.999245 0.038450 0.005548 0.438000 -0.038524 0.999161 0.013926 -32.635700 -0.005007 -0.014129 0.999888 -3.012600 0.000000 0.000000 0.000000 1.000000
0.999953 0.008489 0.004761 0.438000 -0.008948 0.994264 0.106576 -32.635700 -0.003829 -0.106613 0.994293 -3.012600 0.000000 0.000000 0.000000 1.000000
0.999698 -0.024508 0.001764 0.438000 0.023862 0.985445 0.168311 -32.635700 -0.005863 -0.168218 0.985732 -3.012600 0.000000 0.000000 0.000000 1.000000
0.998431 -0.055932 -0.002576 0.438000 0.055269 0.977148 0.205250 -32.635700 -0.008963 -0.205070 0.978706 -3.012600 0.000000 0.000000 0.000000 1.000000
0.996751 -0.080223 -0.007154 0.438000 0.079745 0.970532 0.227396 -32.635700 -0.011299 -0.227227 0.973776 -3.012600 0.000000 0.000000 0.000000 1.000000
0.994872 -0.100313 -0.012895 0.438000 0.100472 0.965649 0.239641 -32.635700 -0.011587 -0.239707 0.970776 -3.012600 0.000000 0.000000 0.000000 1.000000
0.992436 -0.120521 -0.023355 0.438000 0.122447 0.958168 0.258690 -32.635700 -0.008800 -0.259593 0.965678 -3.012600 0.000000 0.000000 0.000000 1.000000
0.988214 -0.147814 -0.039810 0.438000 0.153001 0.945283 0.288150 -32.635700 -0.004961 -0.290845 0.956757 -3.012600 0.000000 0.000000 0.000000 1.000000
0.980815 -0.179635 -0.075723 0.438000 0.194603 0.925166 0.325881 -32.635700 0.011517 -0.334365 0.942373 -3.012600 0.000000 0.000000 0.000000 1.000000
0.965980 -0.196556 -0.168074 0.438000 0.247678 0.890132 0.382518 -32.635700 0.074422 -0.411133 0.908533 -3.012600 0.000000 0.000000 0.000000 1.000000
0.940309 -0.188063 -0.283640 0.438000 0.299355 0.853513 0.426500 -32.635700 0.161882 -0.485951 0.858863 -3.012600 0.000000 0.000000 0.000000 1.000000
0.912660 -0.181528 -0.366196 0.438000 0.340247 0.833864 0.434630 -32.635700 0.226460 -0.521266 0.822799 -3.012600 0.000000 0.000000 0.000000 1.000000
0.902807 -0.179476 -0.390803 0.438000 0.339194 0.855813 0.390552 -32.635700 0.264360 -0.485151 0.833512 -3.012600 0.000000 0.000000 0.000000 1.000000
0.887308 -0.229046 -0.400278 0.438000 0.360725 0.885471 0.292947 -32.635700 0.287336 -0.404325 0.868309 -3.012600 0.000000 0.000000 0.000000 1.000000
0.860929 -0.327703 -0.389117 0.438000 0.390682 0.915803 0.093129 -32.635700 0.325835 -0.232199 0.916469 -3.012600 0.000000 0.000000 0.000000 1.000000
0.942711 -0.044841 -0.330585 0.438000 -0.040686 0.968076 -0.247332 -32.635700 0.331122 0.246613 0.910791 -3.012600 0.000000 0.000000 0.000000 1.000000
0.945794 0.177358 -0.272063 0.438000 -0.272488 0.889157 -0.367628 -32.635700 0.176705 0.421834 0.889287 -3.012600 0.000000 0.000000 0.000000 1.000000
0.979314 0.149448 -0.136419 0.438000 -0.180524 0.949838 -0.255379 -32.635700 0.091410 0.274723 0.957169 -3.012600 0.000000 0.000000 0.000000 1.000000
0.999681 0.022306 -0.011838 0.438000 -0.023760 0.989618 -0.141746 -32.635700 0.008554 0.141982 0.989832 -3.012600 0.000000 0.000000 0.000000 1.000000
0.999514 -0.030720 -0.005337 0.438000 0.030224 0.996628 -0.076285 -32.635700 0.007662 0.076087 0.997072 -3.012600 0.000000 0.000000 0.000000 1.000000
0.998573 -0.053368 -0.002049 0.438000 0.053363 0.998572 -0.002596 -32.635700 0.002184 0.002483 0.999995 -3.012600 0.000000 0.000000 0.000000 1.000000</float_array><technique_common><accessor source="#LeftFoot-Matrix-animation-output-transform-array" count="32" stride="16"><param type="float4x4"/></accessor></technique_common></source><source id="LeftFoot-Interpolations"><Name_array id="LeftFoot-Interpolations-array" count="32">
 LINEAR LINEAR LINEAR LINEAR LINEAR LINEAR LINEAR LINEAR LINEAR LINEAR LINEAR
LINEAR LINEAR LINEAR LINEAR LINEAR LINEAR LINEAR LINEAR LINEAR LINEAR LINEAR LINEAR
LINEAR LINEAR LINEAR LINEAR LINEAR LINEAR LINEAR LINEAR LINEAR</Name_array><technique_common><accessor source="#LeftFoot-Interpolations-array" count="32"><param type="name"/></accessor></technique_common></source><sampler id="LeftFoot-Matrix-animation-transform"><input semantic="INPUT" source="#LeftFoot-Matrix-animation-input"/><input semantic="OUTPUT" source="#LeftFoot-Matrix-animation-output-transform"/><input semantic="INTERPOLATION" source="#LeftFoot-Interpolations"/></sampler><channel source="#LeftFoot-Matrix-animation-transform" target="LeftFoot/matrix"/></animation>
    <animation id="RightUpLeg-anim" name="RightUpLeg"><source id="RightUpLeg-Matrix-animation-input"><float_array id="RightUpLeg-Matrix-animation-input-array" count="32">

0.000000 0.033333 0.066667 0.100000 0.133333 0.166667 0.200000 0.233333 0.266667 0.300000 0.333333 0.366667 0.400000 0.433333 0.466667 0.500000
0.533333 0.566667 0.600000 0.633333 0.666667 0.700000 0.733333 0.766667 0.800000 0.833333 0.866667 0.900000 0.933333 0.966667 1.000000 1.033333</float_array><technique_common><accessor source="#RightUpLeg-Matrix-animation-input-array" count="32"><param name="TIME" type="float"/></accessor></technique_common></source><source id="RightUpLeg-Matrix-animation-output-transform"><float_array id="RightUpLeg-Matrix-animation-output-transform-array" count="512">

0.998632 -0.043468 -0.029079 -8.479700 0.051958 0.887878 0.457135 -4.795500 0.005948 -0.458020 0.888922 -0.379100 0.000000 0.000000 0.000000 1.000000
0.999817 -0.000444 -0.019146 -8.479700 0.007836 0.921694 0.387838 -4.795500 0.017475 -0.387917 0.921529 -0.379100 0.000000 0.000000 0.000000 1.000000
0.999451 0.027024 -0.019176 -8.479700 -0.019463 0.947111 0.320316 -4.795500 0.026818 -0.319766 0.947117 -0.379100 0.000000 0.000000 0.000000 1.000000
0.998939 0.039393 -0.023842 -8.479700 -0.032040 0.966533 0.254532 -4.795500 0.033071 -0.253498 0.966770 -0.379100 0.000000 0.000000 0.000000 1.000000
0.998692 0.041672 -0.029611 -8.479700 -0.035109 0.980128 0.195233 -4.795500 0.037159 -0.193938 0.980310 -0.379100 0.000000 0.000000 0.000000 1.000000
0.998195 0.050165 -0.033018 -8.479700 -0.045448 0.990375 0.130739 -4.795500 0.039258 -0.129003 0.990867 -0.379100 0.000000 0.000000 0.000000 1.000000
0.996516 0.077391 -0.031103 -8.479700 -0.075483 0.995433 0.058442 -4.795500 0.035484 -0.055891 0.997806 -0.379100 0.000000 0.000000 0.000000 1.000000
0.991470 0.127328 -0.027829 -8.479700 -0.128072 0.991402 -0.026841 -4.795500 0.024172 0.030176 0.999252 -0.379100 0.000000 0.000000 0.000000 1.000000
0.970818 0.210784 -0.114383 -8.479700 -0.221097 0.971414 -0.086434 -4.795500 0.092894 0.109201 0.989670 -0.379100 0.000000 0.000000 0.000000 1.000000
0.934276 0.302188 -0.189237 -8.479700 -0.311683 0.949934 -0.021873 -4.795500 0.173153 0.079417 0.981688 -0.379100 0.000000 0.000000 0.000000 1.000000
0.932665 0.347198 -0.097925 -8.479700 -0.343838 0.937704 0.049864 -4.795500 0.109137 -0.012836 0.993944 -0.379100 0.000000 0.000000 0.000000 1.000000
0.935874 0.351380 0.025906 -8.479700 -0.351112 0.923989 0.151538 -4.795500 0.029310 -0.150917 0.988112 -0.379100 0.000000 0.000000 0.000000 1.000000
0.937715 0.317757 0.140435 -8.479700 -0.345223 0.897543 0.274294 -4.795500 -0.038887 -0.305691 0.951336 -0.379100 0.000000 0.000000 0.000000 1.000000
0.952990 0.249922 0.171317 -8.479700 -0.298457 0.871820 0.388399 -4.795500 -0.052288 -0.421271 0.905426 -0.379100 0.000000 0.000000 0.000000 1.000000
0.971084 0.192576 0.141108 -8.479700 -0.237268 0.844012 0.480986 -4.795500 -0.026471 -0.500558 0.865298 -0.379100 0.000000 0.000000 0.000000 1.000000
0.986117 0.134783 0.096985 -8.479700 -0.165963 0.818936 0.549364 -4.795500 -0.005379 -0.557833 0.829936 -0.379100 0.000000 0.000000 0.000000 1.000000
0.996095 0.073265 0.049265 -8.479700 -0.088196 0.800348 0.593014 -4.795500 0.004018 -0.595043 0.803684 -0.379100 0.000000 0.000000 0.000000 1.000000
0.999815 0.018977 0.002980 -8.479700 -0.016790 0.787918 0.615552 -4.795500 0.009334 -0.615488 0.788091 -0.379100 0.000000 0.000000 0.000000 1.000000
0.999612 -0.016019 -0.022774 -8.479700 0.026671 0.785718 0.618009 -4.795500 0.007994 -0.618377 0.785841 -0.379100 0.000000 0.000000 0.000000 1.000000
0.999097 -0.033678 -0.025909 -8.479700 0.042489 0.785341 0.617604 -4.795500 -0.000452 -0.618147 0.786062 -0.379100 0.000000 0.000000 0.000000 1.000000
0.999554 -0.009346 -0.028366 -8.479700 0.025508 0.761156 0.648068 -4.795500 0.015534 -0.648502 0.761054 -0.379100 0.000000 0.000000 0.000000 1.000000
0.998629 0.040320 -0.033384 -8.479700 -0.006668 0.730522 0.682856 -4.795500 0.051921 -0.681698 0.729789 -0.379100 0.000000 0.000000 0.000000 1.000000
0.998634 0.047623 -0.021497 -8.479700 -0.015492 0.662796 0.748640 -4.795500 0.049900 -0.747284 0.662628 -0.379100 0.000000 0.000000 0.000000 1.000000
0.999674 -0.001090 -0.025503 -8.479700 0.020138 0.647612 0.761704 -4.795500 0.015686 -0.761969 0.647423 -0.379100 0.000000 0.000000 0.000000 1.000000
0.999041 -0.042732 -0.009533 -8.479700 0.035777 0.671259 0.740359 -4.795500 -0.025238 -0.739990 0.672144 -0.379100 0.000000 0.000000 0.000000 1.000000
0.994690 -0.080027 -0.064715 -8.479700 0.101524 0.659776 0.744573 -4.795500 -0.016888 -0.747189 0.664397 -0.379100 0.000000 0.000000 0.000000 1.000000
0.987680 -0.126054 -0.092726 -8.479700 0.153651 0.668916 0.727284 -4.795500 -0.029652 -0.732572 0.680044 -0.379100 0.000000 0.000000 0.000000 1.000000
0.981111 -0.159298 -0.109748 -8.479700 0.190173 0.690366 0.698018 -4.795500 -0.035427 -0.705704 0.707620 -0.379100 0.000000 0.000000 0.000000 1.000000
0.981024 -0.164622 -0.102427 -8.479700 0.191513 0.740360 0.644353 -4.795500 -0.030242 -0.651741 0.757838 -0.379100 0.000000 0.000000 0.000000 1.000000
0.988162 -0.133309 -0.075918 -8.479700 0.152382 0.795694 0.586218 -4.795500 -0.017740 -0.590847 0.806588 -0.379100 0.000000 0.000000 0.000000 1.000000
0.994700 -0.090120 -0.049497 -8.479700 0.102674 0.845092 0.524669 -4.795500 -0.005454 -0.526970 0.849866 -0.379100 0.000000 0.000000 0.000000 1.000000
0.998632 -0.043468 -0.029079 -8.479700 0.051958 0.887879 0.457134 -4.795500 0.005948 -0.458019 0.888922 -0.379100 0.000000 0.000000 0.000000 1.000000</float_array><technique_common><accessor source="#RightUpLeg-Matrix-animation-output-transform-array" count="32" stride="16"><param type="float4x4"/></accessor></technique_common></source><source id="RightUpLeg-Interpolations"><Name_array id="RightUpLeg-Interpolations-array" count="32">
 LINEAR LINEAR LINEAR LINEAR LINEAR LINEAR LINEAR LINEAR LINEAR LINEAR LINEAR
LINEAR LINEAR LINEAR LINEAR LINEAR LINEAR LINEAR LINEAR LINEAR LINEAR LINEAR LINEAR
LINEAR LINEAR LINEAR LINEAR LINEAR LINEAR LINEAR LINEAR LINEAR</Name_array><technique_common><accessor source="#RightUpLeg-Interpolations-array" count="32"><param type="name"/></accessor></technique_common></source><sampler id="RightUpLeg-Matrix-animation-transform"><input semantic="INPUT" source="#RightUpLeg-Matrix-animation-input"/><input semantic="OUTPUT" source="#RightUpLeg-Matrix-animation-output-transform"/><input semantic="INTERPOLATION" source="#RightUpLeg-Interpolations"/></sampler><channel source="#RightUpLeg-Matrix-animation-transform" target="RightUpLeg/matrix"/></animation>
    <animation id="RightLeg-anim" name="RightLeg"><source id="RightLeg-Matrix-animation-input"><float_array id="RightLeg-Matrix-animation-input-array" count="32">

0.000000 0.033333 0.066667 0.100000 0.133333 0.166667 0.200000 0.233333 0.266667 0.300000 0.333333 0.366667 0.400000 0.433333 0.466667 0.500000
