<?xml version="1.0" encoding="utf-8"?>
<COLLADA xmlns="http://www.collada.org/2005/11/COLLADASchema" version="1.4.1">
  <asset><contributor><author>Mixamo</author><authoring_tool>COLLADA Mixamo exporter</authoring_tool><comments></comments></contributor><created>2021-04-13T18:21:01Z</created><modified>2021-04-13T18:21:01Z</modified><revision></revision><title></title><unit meter="0.010000"/><up_axis>Y_UP</up_axis></asset>
  <library_animations>
    <animation id="Hips-anim" name="Hips"><source id="Hips-Matrix-animation-input"><float_array id="Hips-Matrix-animation-input-array" count="32">

0.000000 0.033333 0.066667 0.100000 0.133333 0.166667 0.200000 0.233333 0.266667 0.300000 0.333333 0.366667 0.400000 0.433333 0.466667 0.500000
0.533333 0.566667 0.600000 0.633333 0.666667 0.700000 0.733333 0.766667 0.800000 0.833333 0.866667 0.900000 0.933333 0.966667 1.000000 1.033333</float_array><technique_common><accessor source="#Hips-Matrix-animation-input-array" count="32"><param name="TIME" type="float"/></accessor></technique_common></source><source id="Hips-Matrix-animation-output-transform"><float_array id="Hips-Matrix-animation-output-transform-array" count="512">

0.403517 -0.071286 -0.912191 -0.578158 -0.010021 0.996556 -0.082311 80.248993 0.914917 0.042355 0.401414 0.258265 0.000000 0.000000 0.000000 1.000000
0.371101 -0.085289 -0.924667 -0.369467 0.003333 0.995889 -0.090521 80.470299 0.928587 0.030511 0.369859 0.460926 0.000000 0.000000 0.000000 1.000000
0.332265 -0.095213 -0.938368 -0.190534 0.001815 0.994954 -0.100312 80.096512 0.943184 0.031627 0.330761 0.707361 0.000000 0.000000 0.000000 1.000000
0.268277 -0.097044 -0.958442 -0.148641 -0.010952 0.994542 -0.103765 79.146950 0.963280 0.038335 0.265749 0.897023 0.000000 0.000000 0.000000 1.000000
0.189444 -0.094767 -0.977308 -0.488075 -0.033620 0.994122 -0.102914 77.501442 0.981316 0.052353 0.185144 1.050782 0.000000 0.000000 0.000000 1.000000
0.122190 -0.093440 -0.988098 -0.776262 -0.054033 0.993456 -0.100628 75.963425 0.991035 0.065685 0.116342 1.090849 0.000000 0.000000 0.000000 1.000000
0.093776 -0.096304 -0.990925 -0.968395 -0.058507 0.993058 -0.102048 74.869553 0.993873 0.067545 0.087490 1.050829 0.000000 0.000000 0.000000 1.000000
0.107785 -0.103818 -0.988739 -1.609025 -0.033092 0.993607 -0.107936 74.223152 0.993623 0.044353 0.103661 0.999145 0.000000 0.000000 0.000000 1.000000
0.143137 -0.108780 -0.983707 -2.537782 -0.008640 0.993766 -0.111149 73.756859 0.989665 0.024408 0.141304 1.000351 0.000000 0.000000 0.000000 1.000000
0.194534 -0.117270 -0.973860 -2.888747 0.033429 0.993044 -0.112902 73.826500 0.980326 -0.010592 0.197101 0.850810 0.000000 0.000000 0.000000 1.000000
0.247065 -0.129202 -0.960347 -2.288820 0.080476 0.990383 -0.112540 74.049591 0.965651 -0.049480 0.255087 0.735872 0.000000 0.000000 0.000000 1.000000
0.295074 -0.138269 -0.945417 -1.783563 0.106950 0.988035 -0.111122 74.872406 0.949470 -0.068324 0.306331 0.715219 0.000000 0.000000 0.000000 1.000000
0.334884 -0.140005 -0.931800 -1.581229 0.103284 0.988395 -0.111389 76.382774 0.936582 -0.058937 0.345458 0.599659 0.000000 0.000000 0.000000 1.000000
0.372954 -0.138030 -0.917526 -1.295077 0.083095 0.989868 -0.115137 77.870323 0.924122 -0.033301 0.380644 0.399525 0.000000 0.000000 0.000000 1.000000
0.396909 -0.137992 -0.907426 -0.896000 0.060995 0.990414 -0.123933 79.275192 0.915829 -0.006158 0.401521 0.276597 0.000000 0.000000 0.000000 1.000000
0.403808 -0.135662 -0.904729 -0.327743 0.040285 0.990622 -0.130561 80.416641 0.913956 0.016275 0.405486 0.459553 0.000000 0.000000 0.000000 1.000000
0.407686 -0.134096 -0.903222 0.329647 0.027409 0.990510 -0.134683 81.064880 0.912711 0.030152 0.407492 0.803605 0.000000 0.000000 0.000000 1.000000
0.414772 -0.138443 -0.899332 0.902198 0.029321 0.989878 -0.138858 81.160294 0.909453 0.031226 0.414633 1.054450 0.000000 0.000000 0.000000 1.000000
0.427739 -0.148835 -0.891564 1.285739 0.045515 0.988646 -0.143205 80.657494 0.902755 0.020675 0.429657 1.221249 0.000000 0.000000 0.000000 1.000000
0.452418 -0.157313 -0.877821 1.280671 0.071021 0.987548 -0.140374 79.194565 0.888974 0.001164 0.457957 1.318636 0.000000 0.000000 0.000000 1.000000
0.475460 -0.159218 -0.865209 1.258711 0.089140 0.987144 -0.132672 77.814476 0.875209 -0.014045 0.483540 1.416362 0.000000 0.000000 0.000000 1.000000
0.483717 -0.158276 -0.860794 1.331014 0.094203 0.987214 -0.128584 76.667046 0.870140 -0.018891 0.492442 1.446432 0.000000 0.000000 0.000000 1.000000
0.481981 -0.143033 -0.864428 1.067085 0.077395 0.989679 -0.120605 75.912590 0.872757 -0.008773 0.488077 1.345649 0.000000 0.000000 0.000000 1.000000
0.483636 -0.118000 -0.867279 0.151140 0.049020 0.992967 -0.107765 75.243080 0.873895 0.009605 0.486019 1.027680 0.000000 0.000000 0.000000 1.000000
0.484474 -0.107191 -0.868214 -0.626445 0.025759 0.993782 -0.108320 74.553459 0.874426 0.030113 0.484223 0.625732 0.000000 0.000000 0.000000 1.000000
0.482400 -0.098065 -0.870445 -0.813022 0.000672 0.993755 -0.111585 74.154266 0.875951 0.053244 0.479453 0.307893 0.000000 0.000000 0.000000 1.000000
0.490267 -0.075617 -0.868286 -0.685083 -0.033607 0.993848 -0.105528 74.285988 0.870924 0.080917 0.484710 0.121038 0.000000 0.000000 0.000000 1.000000
0.490994 -0.063524 -0.868844 -0.677476 -0.048295 0.993819 -0.099953 75.115967 0.869823 0.091038 0.484892 -0.009033 0.000000 0.000000 0.000000 1.000000
0.469372 -0.062503 -0.880786 -0.741307 -0.045785 0.994427 -0.094967 76.533127 0.881813 0.084901 0.463894 -0.050454 0.000000 0.000000 0.000000 1.000000
0.444799 -0.060681 -0.893572 -0.789830 -0.041149 0.995264 -0.088069 77.997025 0.894685 0.075943 0.440196 0.032370 0.000000 0.000000 0.000000 1.000000
0.426476 -0.062530 -0.902335 -0.745131 -0.029433 0.996120 -0.082940 79.354576 0.904020 0.061931 0.422980 0.137958 0.000000 0.000000 0.000000 1.000000
0.403517 -0.071286 -0.912191 -0.578159 -0.010021 0.996556 -0.082311 80.248993 0.914917 0.042355 0.401414 0.258265 0.000000 0.000000 0.000000 1.000000</float_array><technique_common><accessor source="#Hips-Matrix-animation-output-transform-array" count="32" stride="16"><param type="float4x4"/></accessor></technique_common></source><source id="Hips-Interpolations"><Name_array id="Hips-Interpolations-array" count="32">
 LINEAR LINEAR LINEAR LINEAR LINEAR LINEAR LINEAR LINEAR LINEAR LINEAR LINEAR
LINEAR LINEAR LINEAR LINEAR LINEAR LINEAR LINEAR LINEAR LINEAR LINEAR LINEAR LINEAR
LINEAR LINEAR LINEAR LINEAR LINEAR LINEAR LINEAR LINEAR LINEAR</Name_array><technique_common><accessor source="#Hips-Interpolations-array" count="32"><param type="name"/></accessor></technique_common></source><sampler id="Hips-Matrix-animation-transform"><input semantic="INPUT" source="#Hips-Matrix-animation-input"/><input semantic="OUTPUT" source="#Hips-Matrix-animation-output-transform"/><input semantic="INTERPOLATION" source="#Hips-Interpolations"/></sampler><channel source="#Hips-Matrix-animation-transform" target="Hips/matrix"/></animation>
    <animation id="Pelvis-anim" name="Pelvis"><source id="Pelvis-Matrix-animation-input"><float_array id="Pelvis-Matrix-animation-input-array" count="32">

0.000000 0.033333 0.066667 0.100000 0.133333 0.166667 0.200000 0.233333 0.266667 0.300000 0.333333 0.366667 0.400000 0.433333 0.466667 0.500000
0.533333 0.566667 0.600000 0.633333 0.666667 0.700000 0.733333 0.766667 0.800000 0.833333 0.866667 0.900000 0.933333 0.966667 1.000000 1.033333</float_array><technique_common><accessor source="#Pelvis-Matrix-animation-input-array" count="32"><param name="TIME" type="float"/></accessor></technique_common></source><source id="Pelvis-Matrix-animation-output-transform"><float_array id="Pelvis-Matrix-animation-output-transform-array" count="512">

1.000000 0.000000 0.000000 0.000000 -0.000000 1.000000 0.000000 0.000000 0.000000 0.000000 1.000000 0.000000 0.000000 0.000000 0.000000 1.000000
1.000000 0.000000 0.000000 0.000000 0.000000 1.000000 -0.000000 0.000000 -0.000000 0.000000 1.000000 0.000000 0.000000 0.000000 0.000000 1.000000
1.000000 0.000000 -0.000000 0.000000 -0.000000 1.000000 -0.000000 0.000000 0.000000 -0.000000 1.000000 0.000000 0.000000 0.000000 0.000000 1.000000
1.000000 0.000000 -0.000000 0.000000 0.000000 1.000000 -0.000000 0.000000 0.000000 -0.000000 1.000000 0.000000 0.000000 0.000000 0.000000 1.000000
1.000000 -0.000000 0.000000 0.000000 0.000000 1.000000 -0.000000 0.000000 0.000000 -0.000000 1.000000 0.000000 0.000000 0.000000 0.000000 1.000000
1.000000 0.000000 -0.000000 0.000000 0.000000 1.000000 0.000000 0.000000 0.000000 0.000000 1.000000 0.000000 0.000000 0.000000 0.000000 1.000000
1.000000 0.000000 0.000000 0.000000 0.000000 1.000000 0.000000 0.000000 0.000000 0.000000 1.000000 0.000000 0.000000 0.000000 0.000000 1.000000
1.000000 -0.000000 -0.000000 0.000000 0.000000 1.000000 -0.000000 0.000000 -0.000000 0.000000 1.000000 0.000000 0.000000 0.000000 0.000000 1.000000
1.000000 -0.000000 -0.000000 0.000000 0.000000 1.000000 -0.000000 0.000000 0.000000 -0.000000 1.000000 0.000000 0.000000 0.000000 0.000000 1.000000
1.000000 -0.000000 -0.000000 0.000000 0.000000 1.000000 0.000000 0.000000 0.000000 -0.000000 1.000000 0.000000 0.000000 0.000000 0.000000 1.000000
1.000000 0.000000 0.000000 0.000000 0.000000 1.000000 -0.000000 0.000000 0.000000 -0.000000 1.000000 0.000000 0.000000 0.000000 0.000000 1.000000
1.000000 0.000000 0.000000 0.000000 -0.000000 1.000000 0.000000 0.000000 -0.000000 0.000000 1.000000 0.000000 0.000000 0.000000 0.000000 1.000000
1.000000 -0.000000 -0.000000 0.000000 0.000000 1.000000 -0.000000 0.000000 0.000000 0.000000 1.000000 0.000000 0.000000 0.000000 0.000000 1.000000
1.000000 0.000000 0.000000 0.000000 -0.000000 1.000000 0.000000 0.000000 0.000000 -0.000000 1.000000 0.000000 0.000000 0.000000 0.000000 1.000000
1.000000 -0.000000 -0.000000 0.000000 0.000000 1.000000 -0.000000 0.000000 -0.000000 0.000000 1.000000 0.000000 0.000000 0.000000 0.000000 1.000000
1.000000 -0.000000 0.000000 0.000000 0.000000 1.000000 -0.000000 0.000000 0.000000 0.000000 1.000000 0.000000 0.000000 0.000000 0.000000 1.000000
1.000000 0.000000 0.000000 0.000000 0.000000 1.000000 -0.000000 0.000000 0.000000 0.000000 1.000000 0.000000 0.000000 0.000000 0.000000 1.000000
1.000000 -0.000000 0.000000 0.000000 0.000000 1.000000 0.000000 0.000000 -0.000000 -0.000000 1.000000 0.000000 0.000000 0.000000 0.000000 1.000000
1.000000 -0.000000 0.000000 0.000000 0.000000 1.000000 -0.000000 0.000000 0.000000 -0.000000 1.000000 0.000000 0.000000 0.000000 0.000000 1.000000
1.000000 0.000000 0.000000 0.000000 -0.000000 1.000000 -0.000000 0.000000 0.000000 0.000000 1.000000 0.000000 0.000000 0.000000 0.000000 1.000000
1.000000 0.000000 0.000000 0.000000 -0.000000 1.000000 0.000000 0.000000 0.000000 -0.000000 1.000000 0.000000 0.000000 0.000000 0.000000 1.000000
1.000000 -0.000000 0.000000 0.000000 -0.000000 1.000000 -0.000000 0.000000 0.000000 -0.000000 1.000000 0.000000 0.000000 0.000000 0.000000 1.000000
1.000000 -0.000000 0.000000 0.000000 -0.000000 1.000000 -0.000000 0.000000 -0.000000 0.000000 1.000000 0.000000 0.000000 0.000000 0.000000 1.000000
1.000000 0.000000 0.000000 0.000000 0.000000 1.000000 0.000000 0.000000 0.000000 0.000000 1.000000 0.000000 0.000000 0.000000 0.000000 1.000000
1.000000 0.000000 0.000000 0.000000 0.000000 1.000000 0.000000 0.000000 -0.000000 -0.000000 1.000000 0.000000 0.000000 0.000000 0.000000 1.000000
1.000000 -0.000000 -0.000000 0.000000 -0.000000 1.000000 0.000000 0.000000 -0.000000 -0.000000 1.000000 0.000000 0.000000 0.000000 0.000000 1.000000
1.000000 -0.000000 -0.000000 0.000000 0.000000 1.000000 0.000000 0.000000 0.000000 0.000000 1.000000 0.000000 0.000000 0.000000 0.000000 1.000000
1.000000 0.000000 0.000000 0.000000 0.000000 1.000000 0.000000 0.000000 0.000000 -0.000000 1.000000 0.000000 0.000000 0.000000 0.000000 1.000000
1.000000 -0.000000 -0.000000 0.000000 0.000000 1.000000 0.000000 0.000000 -0.000000 -0.000000 1.000000 0.000000 0.000000 0.000000 0.000000 1.000000
1.000000 -0.000000 -0.000000 0.000000 0.000000 1.000000 -0.000000 0.000000 0.000000 0.000000 1.000000 0.000000 0.000000 0.000000 0.000000 1.000000
1.000000 0.000000 0.000000 0.000000 -0.000000 1.000000 0.000000 0.000000 0.000000 0.000000 1.000000 0.000000 0.000000 0.000000 0.000000 1.000000
1.000000 0.000000 0.000000 0.000000 0.000000 1.000000 0.000000 0.000000 0.000000 -0.000000 1.000000 0.000000 0.000000 0.000000 0.000000 1.000000</float_array><technique_common><accessor source="#Pelvis-Matrix-animation-output-transform-array" count="32" stride="16"><param type="float4x4"/></accessor></technique_common></source><source id="Pelvis-Interpolations"><Name_array id="Pelvis-Interpolations-array" count="32">
 LINEAR LINEAR LINEAR LINEAR LINEAR LINEAR LINEAR LINEAR LINEAR LINEAR LINEAR
LINEAR LINEAR LINEAR LINEAR LINEAR LINEAR LINEAR LINEAR LINEAR LINEAR LINEAR LINEAR
LINEAR LINEAR LINEAR LINEAR LINEAR LINEAR LINEAR LINEAR LINEAR</Name_array><technique_common><accessor source="#Pelvis-Interpolations-array" count="32"><param type="name"/></accessor></technique_common></source><sampler id="Pelvis-Matrix-animation-transform"><input semantic="INPUT" source="#Pelvis-Matrix-animation-input"/><input semantic="OUTPUT" source="#Pelvis-Matrix-animation-output-transform"/><input semantic="INTERPOLATION" source="#Pelvis-Interpolations"/></sampler><channel source="#Pelvis-Matrix-animation-transform" target="Pelvis/matrix"/></animation>
    <animation id="LeftUpLeg-anim" name="LeftUpLeg"><source id="LeftUpLeg-Matrix-animation-input"><float_array id="LeftUpLeg-Matrix-animation-input-array" count="32">

0.000000 0.033333 0.066667 0.100000 0.133333 0.166667 0.200000 0.233333 0.266667 0.300000 0.333333 0.366667 0.400000 0.433333 0.466667 0.500000
0.533333 0.566667 0.600000 0.633333 0.666667 0.700000 0.733333 0.766667 0.800000 0.833333 0.866667 0.900000 0.933333 0.966667 1.000000 1.033333</float_array><technique_common><accessor source="#LeftUpLeg-Matrix-animation-input-array" count="32"><param name="TIME" type="float"/></accessor></technique_common></source><source id="LeftUpLeg-Matrix-animation-output-transform"><float_array id="LeftUpLeg-Matrix-animation-output-transform-array" count="512">

0.998788 -0.043016 -0.023908 8.479700 0.048693 0.793290 0.606894 -4.795500 -0.007141 -0.607322 0.794423 -0.379100 0.000000 0.000000 0.000000 1.000000
0.999897 0.002523 0.014156 8.479700 -0.010759 0.784409 0.620151 -4.795500 -0.009540 -0.620239 0.784355 -0.379100 0.000000 0.000000 0.000000 1.000000
0.999316 0.026454 0.025846 8.479700 -0.036746 0.789347 0.612847 -4.795500 -0.004189 -0.613378 0.789779 -0.379100 0.000000 0.000000 0.000000 1.000000
0.999214 0.029868 0.026073 8.479700 -0.039625 0.773909 0.632055 -4.795500 -0.001300 -0.632592 0.774485 -0.379100 0.000000 0.000000 0.000000 1.000000
0.999357 -0.015344 0.032405 8.479700 -0.010006 0.748532 0.663023 -4.795500 -0.034430 -0.662921 0.747897 -0.379100 0.000000 0.000000 0.000000 1.000000
0.998167 -0.053513 0.028274 8.479700 0.017026 0.696564 0.717292 -4.795500 -0.058079 -0.715496 0.696198 -0.379100 0.000000 0.000000 0.000000 1.000000
0.999505 -0.019311 0.024843 8.479700 -0.006247 0.652043 0.758156 -4.795500 -0.030839 -0.757936 0.651600 -0.379100 0.000000 0.000000 0.000000 1.000000
0.999542 0.024300 0.018029 8.479700 -0.029664 0.669547 0.742177 -4.795500 0.005963 -0.742372 0.669961 -0.379100 0.000000 0.000000 0.000000 1.000000
0.997886 0.064706 0.006099 8.479700 -0.046191 0.640064 0.766932 -4.795500 0.045722 -0.765592 0.641700 -0.379100 0.000000 0.000000 0.000000 1.000000
0.993664 0.110924 0.018124 8.479700 -0.084997 0.636101 0.766910 -4.795500 0.073540 -0.763591 0.641499 -0.379100 0.000000 0.000000 0.000000 1.000000
0.986642 0.155136 0.049697 8.479700 -0.140180 0.653136 0.744152 -4.795500 0.082986 -0.741179 0.666159 -0.379100 0.000000 0.000000 0.000000 1.000000
0.982117 0.171576 0.077516 8.479700 -0.176310 0.693710 0.698342 -4.795500 0.066045 -0.699520 0.711555 -0.379100 0.000000 0.000000 0.000000 1.000000
0.984638 0.149113 0.090853 8.479700 -0.172758 0.756348 0.630945 -4.795500 0.025366 -0.636948 0.770489 -0.379100 0.000000 0.000000 0.000000 1.000000
0.989616 0.104056 0.099163 8.479700 -0.142010 0.814465 0.562566 -4.795500 -0.022226 -0.570806 0.820784 -0.379100 0.000000 0.000000 0.000000 1.000000
0.992869 0.054124 0.106220 8.479700 -0.099687 0.865577 0.490754 -4.795500 -0.065380 -0.497843 0.864800 -0.379100 0.000000 0.000000 0.000000 1.000000
0.993440 0.009352 0.113971 8.479700 -0.055762 0.909743 0.411411 -4.795500 -0.099837 -0.415067 0.904296 -0.379100 0.000000 0.000000 0.000000 1.000000
0.992132 -0.023988 0.122875 8.479700 -0.018436 0.942779 0.332907 -4.795500 -0.123830 -0.332553 0.934920 -0.379100 0.000000 0.000000 0.000000 1.000000
0.990411 -0.043225 0.131216 8.479700 0.007710 0.965606 0.259896 -4.795500 -0.137937 -0.256392 0.956680 -0.379100 0.000000 0.000000 0.000000 1.000000
0.989393 -0.051619 0.135780 8.479700 0.024006 0.979982 0.197632 -4.795500 -0.143263 -0.192277 0.970827 -0.379100 0.000000 0.000000 0.000000 1.000000
0.983865 -0.072968 0.163357 8.479700 0.045361 0.984955 0.166753 -4.795500 -0.173067 -0.156652 0.972372 -0.379100 0.000000 0.000000 0.000000 1.000000
0.979221 -0.098611 0.177209 8.479700 0.079971 0.990773 0.109424 -4.795500 -0.186365 -0.092979 0.978071 -0.379100 0.000000 0.000000 0.000000 1.000000
0.974530 -0.125109 0.186114 8.479700 0.121344 0.992110 0.031534 -4.795500 -0.188591 -0.008147 0.982022 -0.379100 0.000000 0.000000 0.000000 1.000000
0.962719 -0.179255 0.202582 8.479700 0.186960 0.982176 -0.019400 -4.795500 -0.195494 0.056552 0.979073 -0.379100 0.000000 0.000000 0.000000 1.000000
0.942639 -0.262284 0.206494 8.479700 0.273373 0.961540 -0.026612 -4.795500 -0.191572 0.081536 0.978086 -0.379100 0.000000 0.000000 0.000000 1.000000
0.932825 -0.327729 0.149769 8.479700 0.329198 0.944132 0.015597 -4.795500 -0.146513 0.034755 0.988598 -0.379100 0.000000 0.000000 0.000000 1.000000
0.937722 -0.344908 0.041435 8.479700 0.339596 0.935266 0.099760 -4.795500 -0.073161 -0.079476 0.994148 -0.379100 0.000000 0.000000 0.000000 1.000000
0.936971 -0.337638 -0.089925 8.479700 0.349316 0.911071 0.218925 -4.795500 0.008010 -0.236539 0.971589 -0.379100 0.000000 0.000000 0.000000 1.000000
0.945616 -0.279962 -0.165624 8.479700 0.321149 0.884443 0.338561 -4.795500 0.051701 -0.373339 0.926253 -0.379100 0.000000 0.000000 0.000000 1.000000
0.963501 -0.216114 -0.157992 8.479700 0.264710 0.857156 0.441828 -4.795500 0.039938 -0.467524 0.883078 -0.379100 0.000000 0.000000 0.000000 1.000000
0.979862 -0.161511 -0.117412 8.479700 0.199236 0.829943 0.521057 -4.795500 0.013289 -0.533956 0.845408 -0.379100 0.000000 0.000000 0.000000 1.000000
0.992168 -0.101917 -0.072222 8.479700 0.124912 0.808015 0.575767 -4.795500 -0.000324 -0.580279 0.814418 -0.379100 0.000000 0.000000 0.000000 1.000000
0.998788 -0.043016 -0.023908 8.479700 0.048693 0.793290 0.606894 -4.795500 -0.007141 -0.607322 0.794423 -0.379100 0.000000 0.000000 0.000000 1.000000</float_array><technique_common><accessor source="#LeftUpLeg-Matrix-animation-output-transform-array" count="32" stride="16"><param type="float4x4"/></accessor></technique_common></source><source id="LeftUpLeg-Interpolations"><Name_array id="LeftUpLeg-Interpolations-array" count="32">
 LINEAR LINEAR LINEAR LINEAR LINEAR LINEAR LINEAR LINEAR LINEAR LINEAR LINEAR
LINEAR LINEAR LINEAR LINEAR LINEAR LINEAR LINEAR LINEAR LINEAR LINEAR LINEAR LINEAR
LINEAR LINEAR LINEAR LINEAR LINEAR LINEAR LINEAR LINEAR LINEAR</Name_array><technique_common><accessor source="#LeftUpLeg-Interpolations-array" count="32"><param type="name"/></accessor></technique_common></source><sampler id="LeftUpLeg-Matrix-animation-transform"><input semantic="INPUT" source="#LeftUpLeg-Matrix-animation-input"/><input semantic="OUTPUT" source="#LeftUpLeg-Matrix-animation-output-transform"/><input semantic="INTERPOLATION" source="#LeftUpLeg-Interpolations"/></sampler><channel source="#LeftUpLeg-Matrix-animation-transform" target="LeftUpLeg/matrix"/></animation>
    <animation id="LeftLeg-anim" name="LeftLeg"><source id="LeftLeg-Matrix-animation-input"><float_array id="LeftLeg-Matrix-animation-input-array" count="32">

0.000000 0.033333 0.066667 0.100000 0.133333 0.166667 0.200000 0.233333 0.266667 0.300000 0.333333 0.366667 0.400000 0.433333 0.466667 0.500000
0.533333 0.566667 0.600000 0.633333 0.666667 0.700000 0.733333 0.766667 0.800000 0.833333 0.866667 0.900000 0.933333 0.966667 1.000000 1.033333</float_array><technique_common><accessor source="#LeftLeg-Matrix-animation-input-array" count="32"><param name="TIME" type="float"/></accessor></technique_common></source><source id="LeftLeg-Matrix-animation-output-transform"><float_array id="LeftLeg-Matrix-animation-output-transform-array" count="512">

0.998879 0.005363 -0.047030 0.485100 -0.041749 0.568016 -0.821958 -32.551498 0.022306 0.823000 0.567603 0.112900 0.000000 0.000000 0.000000 1.000000
0.999908 0.001817 -0.013465 0.485100 -0.010505 0.731880 -0.681352 -32.551498 0.008617 0.681431 0.731832 0.112900 0.000000 0.000000 0.000000 1.000000
0.999998 -0.001120 0.001483 0.485100 0.001678 0.887126 -0.461524 -32.551498 -0.000799 0.461526 0.887126 0.112900 0.000000 0.000000 0.000000 1.000000
0.999888 -0.002517 0.014778 0.485100 0.006718 0.956511 -0.291617 -32.551498 -0.013401 0.291684 0.956421 0.112900 0.000000 0.000000 0.000000 1.000000
0.999001 -0.004048 0.044507 0.485100 0.013117 0.978585 -0.205424 -32.551498 -0.042722 0.205803 0.977660 0.112900 0.000000 0.000000 0.000000 1.000000
0.996069 -0.005046 0.088440 0.485100 0.029405 0.960601 -0.276370 -32.551498 -0.083561 0.277884 0.956973 0.112900 0.000000 0.000000 0.000000 1.000000
0.995048 -0.008344 0.099045 0.485100 0.045670 0.923438 -0.381020 -32.551498 -0.088283 0.383656 0.919246 0.112900 0.000000 0.000000 0.000000 1.000000
0.985084 -0.009779 0.171799 0.485100 0.064097 0.947391 -0.313596 -32.551498 -0.159694 0.319930 0.933886 0.112900 0.000000 0.000000 0.000000 1.000000
0.984239 -0.010777 0.176516 0.485100 0.095644 0.872004 -0.480063 -32.551498 -0.148749 0.489379 0.859291 0.112900 0.000000 0.000000 0.000000 1.000000
0.986368 -0.010236 0.164233 0.485100 0.106915 0.798553 -0.592353 -32.551498 -0.125086 0.601838 0.788762 0.112900 0.000000 0.000000 0.000000 1.000000
0.992431 -0.008975 0.122473 0.485100 0.085523 0.766218 -0.636864 -32.551498 -0.088125 0.642518 0.761186 0.112900 0.000000 0.000000 0.000000 1.000000
0.997854 -0.006963 0.065103 0.485100 0.047437 0.762239 -0.645555 -32.551498 -0.045129 0.647258 0.760934 0.112900 0.000000 0.000000 0.000000 1.000000
0.999990 -0.004397 -0.000054 0.485100 0.003424 0.786357 -0.617763 -32.551498 0.002758 0.617756 0.786365 0.112900 0.000000 0.000000 0.000000 1.000000
0.997802 -0.001695 -0.066237 0.485100 -0.036796 0.817176 -0.575212 -32.551498 0.055103 0.576385 0.815318 0.112900 0.000000 0.000000 0.000000 1.000000
0.993685 0.001000 -0.112203 0.485100 -0.058672 0.856994 -0.511975 -32.551498 0.095646 0.515325 0.851641 0.112900 0.000000 0.000000 0.000000 1.000000
0.991315 0.003793 -0.131455 0.485100 -0.061621 0.896457 -0.438824 -32.551498 0.116179 0.443114 0.888905 0.112900 0.000000 0.000000 0.000000 1.000000
0.990026 0.006571 -0.140728 0.485100 -0.059203 0.925834 -0.373264 -32.551498 0.127838 0.377872 0.916990 0.112900 0.000000 0.000000 0.000000 1.000000
0.988491 0.008376 -0.151047 0.485100 -0.057068 0.945343 -0.321045 -32.551498 0.140102 0.325970 0.934941 0.112900 0.000000 0.000000 0.000000 1.000000
0.985693 0.008894 -0.168315 0.485100 -0.058792 0.954032 -0.293883 -32.551498 0.157964 0.299574 0.940905 0.112900 0.000000 0.000000 0.000000 1.000000
0.986084 0.011583 -0.165843 0.485100 -0.068737 0.936715 -0.343280 -32.551498 0.151372 0.349903 0.924475 0.112900 0.000000 0.000000 0.000000 1.000000
0.986171 0.013837 -0.165152 0.485100 -0.071167 0.935312 -0.346594 -32.551498 0.149673 0.353554 0.923362 0.112900 0.000000 0.000000 0.000000 1.000000
0.985730 0.015330 -0.167636 0.485100 -0.067314 0.948657 -0.309062 -32.551498 0.154291 0.315936 0.936151 0.112900 0.000000 0.000000 0.000000 1.000000
0.986943 0.016629 -0.160209 0.485100 -0.067158 0.946557 -0.315468 -32.551498 0.146401 0.322109 0.935314 0.112900 0.000000 0.000000 0.000000 1.000000
0.987393 0.017753 -0.157287 0.485100 -0.077744 0.919966 -0.384211 -32.551498 0.137878 0.391595 0.909749 0.112900 0.000000 0.000000 0.000000 1.000000
0.988289 0.014858 -0.151868 0.485100 -0.090979 0.856380 -0.508268 -32.551498 0.122505 0.516133 0.847702 0.112900 0.000000 0.000000 0.000000 1.000000
0.986931 0.010081 -0.160829 0.485100 -0.112556 0.757351 -0.643234 -32.551498 0.115320 0.652930 0.748588 0.112900 0.000000 0.000000 0.000000 1.000000
0.994154 0.007277 -0.107726 0.485100 -0.092460 0.572621 -0.814590 -32.551498 0.055758 0.819788 0.569946 0.112900 0.000000 0.000000 0.000000 1.000000
0.994292 0.009547 -0.106268 0.485100 -0.100903 0.407849 -0.907457 -32.551498 0.034677 0.912999 0.406485 0.112900 0.000000 0.000000 0.000000 1.000000
0.988128 0.013368 -0.153053 0.485100 -0.148668 0.334463 -0.930608 -32.551498 0.038750 0.942314 0.332480 0.112900 0.000000 0.000000 0.000000 1.000000
0.989316 0.012556 -0.145244 0.485100 -0.140532 0.347186 -0.927207 -32.551498 0.038785 0.937712 0.345242 0.112900 0.000000 0.000000 0.000000 1.000000
0.996036 0.008953 -0.088502 0.485100 -0.083713 0.430820 -0.898547 -32.551498 0.030083 0.902393 0.429862 0.112900 0.000000 0.000000 0.000000 1.000000
0.998879 0.005363 -0.047029 0.485100 -0.041749 0.568016 -0.821958 -32.551498 0.022305 0.823000 0.567603 0.112900 0.000000 0.000000 0.000000 1.000000</float_array><technique_common><accessor source="#LeftLeg-Matrix-animation-output-transform-array" count="32" stride="16"><param type="float4x4"/></accessor></technique_common></source><source id="LeftLeg-Interpolations"><Name_array id="LeftLeg-Interpolations-array" count="32">
 LINEAR LINEAR LINEAR LINEAR LINEAR LINEAR LINEAR LINEAR LINEAR LINEAR LINEAR
LINEAR LINEAR LINEAR LINEAR LINEAR LINEAR LINEAR LINEAR LINEAR LINEAR LINEAR LINEAR
LINEAR LINEAR LINEAR LINEAR LINEAR LINEAR LINEAR LINEAR LINEAR</Name_array><technique_common><accessor source="#LeftLeg-Interpolations-array" count="32"><param type="name"/></accessor></technique_common></source><sampler id="LeftLeg-Matrix-animation-transform"><input semantic="INPUT" source="#LeftLeg-Matrix-animation-input"/><input semantic="OUTPUT" source="#LeftLeg-Matrix-animation-output-transform"/><input semantic="INTERPOLATION" source="#LeftLeg-Interpolations"/></sampler><channel source="#LeftLeg-Matrix-animation-transform" target="LeftLeg/matrix"/></animation>
    <animation id="LeftFoot-anim" name="LeftFoot"><source id="LeftFoot-Matrix-animation-input"><float_array id="LeftFoot-Matrix-animation-input-array" count="32">

0.000000 0.033333 0.066667 0.100000 0.133333 0.166667 0.200000 0.233333 0.266667 0.300000 0.333333 0.366667 0.400000 0.433333 0.466667 0.500000
0.533333 0.566667 0.600000 0.633333 0.666667 0.700000 0.733333 0.766667 0.800000 0.833333 0.866667 0.900000 0.933333 0.966667 1.000000 1.033333</float_array><technique_common><accessor source="#LeftFoot-Matrix-animation-input-array" count="32"><param name="TIME" type="float"/></accessor></technique_common></source><source id="LeftFoot-Matrix-animation-output-transform"><float_array id="LeftFoot-Matrix-animation-output-transform-array" count="512">

0.997748 0.067055 0.001308 0.438000 -0.067035 0.997679 -0.011973 -32.635700 -0.002108 0.011858 0.999927 -3.012600 0.000000 0.000000 0.000000 1.000000
0.996224 0.086728 0.004002 0.438000 -0.086814 0.995667 0.033329 -32.635700 -0.001094 -0.033550 0.999436 -3.012600 0.000000 0.000000 0.000000 1.000000
0.993283 0.115517 0.006624 0.438000 -0.115705 0.991950 0.051459 -32.635700 -0.000626 -0.051880 0.998653 -3.012600 0.000000 0.000000 0.000000 1.000000
0.998344 0.057525 -0.000993 0.438000 -0.057100 0.992795 0.105343 -32.635700 0.007046 -0.105112 0.994435 -3.012600 0.000000 0.000000 0.000000 1.000000
0.992331 0.123088 0.011332 0.438000 -0.122858 0.972065 0.199987 -32.635700 0.013601 -0.199845 0.979733 -3.012600 0.000000 0.000000 0.000000 1.000000
0.985186 0.169839 0.023730 0.438000 -0.169405 0.942338 0.288621 -32.635700 0.026657 -0.288365 0.957149 -3.012600 0.000000 0.000000 0.000000 1.000000
0.997768 -0.063767 -0.019838 0.438000 0.066419 0.978453 0.195495 -32.635700 0.006945 -0.196376 0.980504 -3.012600 0.000000 0.000000 0.000000 1.000000
0.992101 -0.122709 0.026029 0.438000 0.125245 0.957455 -0.259987 -32.635700 0.006981 0.261193 0.965261 -3.012600 0.000000 0.000000 0.000000 1.000000
0.994774 -0.092457 0.043324 0.438000 0.100092 0.966850 -0.234910 -32.635700 -0.020169 0.238019 0.971051 -3.012600 0.000000 0.000000 0.000000 1.000000
0.997323 -0.067810 0.027347 0.438000 0.070329 0.991966 -0.105157 -32.635700 -0.019997 0.106798 0.994080 -3.012600 0.000000 0.000000 0.000000 1.000000
0.997821 -0.063421 0.018171 0.438000 0.063855 0.997661 -0.024409 -32.635700 -0.016580 0.025516 0.999537 -3.012600 0.000000 0.000000 0.000000 1.000000
0.997727 -0.067210 0.004847 0.438000 0.066973 0.997003 0.038714 -32.635700 -0.007434 -0.038301 0.999239 -3.012600 0.000000 0.000000 0.000000 1.000000
0.997647 -0.067516 -0.011943 0.438000 0.068285 0.994101 0.084259 -32.635700 0.006184 -0.084876 0.996372 -3.012600 0.000000 0.000000 0.000000 1.000000
0.997592 -0.062128 -0.030838 0.438000 0.065343 0.990932 0.117402 -32.635700 0.023265 -0.119134 0.992606 -3.012600 0.000000 0.000000 0.000000 1.000000
0.997642 -0.047134 -0.049895 0.438000 0.053639 0.988940 0.138279 -32.635700 0.042825 -0.140630 0.989136 -3.012600 0.000000 0.000000 0.000000 1.000000
0.997341 -0.026895 -0.067731 0.438000 0.037188 0.987117 0.155620 -32.635700 0.062673 -0.157725 0.985492 -3.012600 0.000000 0.000000 0.000000 1.000000
0.996560 -0.006055 -0.082652 0.438000 0.020703 0.983895 0.177544 -32.635700 0.080246 -0.178645 0.980636 -3.012600 0.000000 0.000000 0.000000 1.000000
0.995623 0.016647 -0.091962 0.438000 0.002767 0.978327 0.207048 -32.635700 0.093416 -0.206396 0.973999 -3.012600 0.000000 0.000000 0.000000 1.000000
0.994761 0.039442 -0.094310 0.438000 -0.014579 0.967876 0.251004 -32.635700 0.101181 -0.248314 0.963381 -3.012600 0.000000 0.000000 0.000000 1.000000
0.985713 0.075043 -0.150790 0.438000 -0.020679 0.942407 0.333829 -32.635700 0.167157 -0.325942 0.930495 -3.012600 0.000000 0.000000 0.000000 1.000000
0.974971 0.117571 -0.188700 0.438000 -0.034593 0.918623 0.393619 -32.635700 0.219622 -0.377239 0.899698 -3.012600 0.000000 0.000000 0.000000 1.000000
0.971293 0.133850 -0.196656 0.438000 -0.035539 0.899053 0.436394 -32.635700 0.235216 -0.416878 0.878001 -3.012600 0.000000 0.000000 0.000000 1.000000
0.967430 0.141013 -0.210227 0.438000 -0.036345 0.899247 0.435928 -32.635700 0.250517 -0.414089 0.875084 -3.012600 0.000000 0.000000 0.000000 1.000000
0.960817 0.164380 -0.223181 0.438000 -0.072111 0.925687 0.371353 -32.635700 0.267639 -0.340709 0.901270 -3.012600 0.000000 0.000000 0.000000 1.000000
0.970426 0.167265 -0.174058 0.438000 -0.127153 0.967082 0.220420 -32.635700 0.205197 -0.191769 0.959749 -3.012600 0.000000 0.000000 0.000000 1.000000
0.991954 0.108882 -0.064586 0.438000 -0.116589 0.984513 -0.130927 -32.635700 0.049330 0.137404 0.989286 -3.012600 0.000000 0.000000 0.000000 1.000000
0.997922 0.064285 -0.004382 0.438000 -0.062171 0.942785 -0.327553 -32.635700 -0.016925 0.327145 0.944823 -3.012600 0.000000 0.000000 0.000000 1.000000
0.999806 0.019633 0.001396 0.438000 -0.018149 0.947031 -0.320629 -32.635700 -0.007617 0.320541 0.947204 -3.012600 0.000000 0.000000 0.000000 1.000000
0.999597 0.026456 -0.010302 0.438000 -0.028135 0.971696 -0.234552 -32.635700 0.003805 0.234748 0.972049 -3.012600 0.000000 0.000000 0.000000 1.000000
0.998878 0.047340 -0.001075 0.438000 -0.046870 0.985228 -0.164710 -32.635700 -0.006738 0.164576 0.986341 -3.012600 0.000000 0.000000 0.000000 1.000000
0.998560 0.053644 0.000194 0.438000 -0.053433 0.994955 -0.084912 -32.635700 -0.004748 0.084779 0.996388 -3.012600 0.000000 0.000000 0.000000 1.000000
0.997748 0.067055 0.001308 0.438000 -0.067035 0.997679 -0.011973 -32.635700 -0.002108 0.011858 0.999927 -3.012600 0.000000 0.000000 0.000000 1.000000</float_array><technique_common><accessor source="#LeftFoot-Matrix-animation-output-transform-array" count="32" stride="16"><param type="float4x4"/></accessor></technique_common></source><source id="LeftFoot-Interpolations"><Name_array id="LeftFoot-Interpolations-array" count="32">
 LINEAR LINEAR LINEAR LINEAR LINEAR LINEAR LINEAR LINEAR LINEAR LINEAR LINEAR
LINEAR LINEAR LINEAR LINEAR LINEAR LINEAR LINEAR LINEAR LINEAR LINEAR LINEAR LINEAR
LINEAR LINEAR LINEAR LINEAR LINEAR LINEAR LINEAR LINEAR LINEAR</Name_array><technique_common><accessor source="#LeftFoot-Interpolations-array" count="32"><param type="name"/></accessor></technique_common></source><sampler id="LeftFoot-Matrix-animation-transform"><input semantic="INPUT" source="#LeftFoot-Matrix-animation-input"/><input semantic="OUTPUT" source="#LeftFoot-Matrix-animation-output-transform"/><input semantic="INTERPOLATION" source="#LeftFoot-Interpolations"/></sampler><channel source="#LeftFoot-Matrix-animation-transform" target="LeftFoot/matrix"/></animation>
    <animation id="RightUpLeg-anim" name="RightUpLeg"><source id="RightUpLeg-Matrix-animation-input"><float_array id="RightUpLeg-Matrix-animation-input-array" count="32">

0.000000 0.033333 0.066667 0.100000 0.133333 0.166667 0.200000 0.233333 0.266667 0.300000 0.333333 0.366667 0.400000 0.433333 0.466667 0.500000
0.533333 0.566667 0.600000 0.633333 0.666667 0.700000 0.733333 0.766667 0.800000 0.833333 0.866667 0.900000 0.933333 0.966667 1.000000 1.033333</float_array><technique_common><accessor source="#RightUpLeg-Matrix-animation-input-array" count="32"><param name="TIME" type="float"/></accessor></technique_common></source><source id="RightUpLeg-Matrix-animation-output-transform"><float_array id="RightUpLeg-Matrix-animation-output-transform-array" count="512">

0.988112 -0.074664 -0.134390 -8.479700 0.110928 0.951490 0.286986 -4.795500 0.106443 -0.298482 0.948461 -0.379100 0.000000 0.000000 0.000000 1.000000
0.987996 -0.084380 -0.129399 -8.479700 0.109732 0.972928 0.203394 -4.795500 0.108734 -0.215152 0.970508 -0.379100 0.000000 0.000000 0.000000 1.000000
0.985380 -0.102270 -0.136262 -8.479700 0.119762 0.984640 0.127049 -4.795500 0.121176 -0.141511 0.982492 -0.379100 0.000000 0.000000 0.000000 1.000000
0.981914 -0.117548 -0.148417 -8.479700 0.126496 0.990586 0.052330 -4.795500 0.140869 -0.070158 0.987539 -0.379100 0.000000 0.000000 0.000000 1.000000
0.978520 -0.127045 -0.162350 -8.479700 0.124971 0.991895 -0.022965 -4.795500 0.163952 0.002182 0.986466 -0.379100 0.000000 0.000000 0.000000 1.000000
0.976605 -0.130424 -0.170976 -8.479700 0.109912 0.986123 -0.124424 -4.795500 0.184832 0.102721 0.977387 -0.379100 0.000000 0.000000 0.000000 1.000000
0.975618 -0.121580 -0.182723 -8.479700 0.087953 0.979352 -0.182029 -4.795500 0.201081 0.161520 0.966167 -0.379100 0.000000 0.000000 0.000000 1.000000
0.973313 -0.101487 -0.205823 -8.479700 0.051418 0.970537 -0.235403 -4.795500 0.223649 0.218537 0.949854 -0.379100 0.000000 0.000000 0.000000 1.000000
0.963521 -0.100549 -0.248026 -8.479700 0.020959 0.952245 -0.304616 -4.795500 0.266810 0.288305 0.919615 -0.379100 0.000000 0.000000 0.000000 1.000000
0.953792 -0.041853 -0.297537 -8.479700 -0.015359 0.982165 -0.187392 -4.795500 0.300073 0.183303 0.936139 -0.379100 0.000000 0.000000 0.000000 1.000000
0.958352 0.068981 -0.277134 -8.479700 -0.058787 0.997259 0.044936 -4.795500 0.279474 -0.026772 0.959780 -0.379100 0.000000 0.000000 0.000000 1.000000
0.964773 0.115376 -0.236435 -8.479700 -0.063897 0.974558 0.214835 -4.795500 0.255207 -0.192160 0.947599 -0.379100 0.000000 0.000000 0.000000 1.000000
0.967125 0.126125 -0.220819 -8.479700 -0.039540 0.932361 0.359361 -4.795500 0.251207 -0.338816 0.906697 -0.379100 0.000000 0.000000 0.000000 1.000000
0.967201 0.127983 -0.219412 -8.479700 -0.010754 0.883650 0.468024 -4.795500 0.253783 -0.450314 0.856044 -0.379100 0.000000 0.000000 0.000000 1.000000
0.966936 0.136485 -0.215423 -8.479700 0.003788 0.836951 0.547265 -4.795500 0.254992 -0.529986 0.808761 -0.379100 0.000000 0.000000 0.000000 1.000000
0.969071 0.145199 -0.199549 -8.479700 0.002604 0.802537 0.596597 -4.795500 0.246770 -0.578664 0.777337 -0.379100 0.000000 0.000000 0.000000 1.000000
0.973307 0.151418 -0.172471 -8.479700 -0.012353 0.784956 0.619428 -4.795500 0.229175 -0.600763 0.765874 -0.379100 0.000000 0.000000 0.000000 1.000000
0.974902 0.174771 -0.137916 -8.479700 -0.052259 0.781809 0.621324 -4.795500 0.216413 -0.598522 0.771321 -0.379100 0.000000 0.000000 0.000000 1.000000
0.969139 0.224473 -0.101890 -8.479700 -0.118164 0.785750 0.607152 -4.795500 0.216349 -0.576375 0.788026 -0.379100 0.000000 0.000000 0.000000 1.000000
0.954125 0.292611 -0.063438 -8.479700 -0.184155 0.740584 0.646237 -4.795500 0.236077 -0.604909 0.760495 -0.379100 0.000000 0.000000 0.000000 1.000000
0.938596 0.342195 -0.044050 -8.479700 -0.217879 0.686867 0.693356 -4.795500 0.267520 -0.641184 0.719247 -0.379100 0.000000 0.000000 0.000000 1.000000
0.933406 0.353970 -0.058814 -8.479700 -0.215491 0.684035 0.696893 -4.795500 0.286910 -0.637810 0.714760 -0.379100 0.000000 0.000000 0.000000 1.000000
0.948541 0.311172 -0.058674 -8.479700 -0.170361 0.657670 0.733789 -4.795500 0.266923 -0.686033 0.676839 -0.379100 0.000000 0.000000 0.000000 1.000000
0.966632 0.247822 -0.064854 -8.479700 -0.122585 0.669798 0.732355 -4.795500 0.224933 -0.699968 0.677828 -0.379100 0.000000 0.000000 0.000000 1.000000
0.979950 0.192123 -0.052791 -8.479700 -0.088780 0.658247 0.747549 -4.795500 0.178371 -0.727874 0.662106 -0.379100 0.000000 0.000000 0.000000 1.000000
0.986921 0.145490 -0.069420 -8.479700 -0.041925 0.647471 0.760936 -4.795500 0.155656 -0.748074 0.645102 -0.379100 0.000000 0.000000 0.000000 1.000000
0.988962 0.095803 -0.113035 -8.479700 0.017857 0.680238 0.732774 -4.795500 0.147092 -0.726704 0.671018 -0.379100 0.000000 0.000000 0.000000 1.000000
0.988099 0.051791 -0.144841 -8.479700 0.061009 0.732439 0.678094 -4.795500 0.141206 -0.678860 0.720562 -0.379100 0.000000 0.000000 0.000000 1.000000
0.987946 0.008398 -0.154569 -8.479700 0.087088 0.795360 0.599848 -4.795500 0.127975 -0.606079 0.785042 -0.379100 0.000000 0.000000 0.000000 1.000000
0.987687 -0.032210 -0.153090 -8.479700 0.105722 0.858724 0.501414 -4.795500 0.115312 -0.511425 0.851556 -0.379100 0.000000 0.000000 0.000000 1.000000
0.987505 -0.060587 -0.145477 -8.479700 0.113587 0.913538 0.390571 -4.795500 0.109235 -0.402215 0.909005 -0.379100 0.000000 0.000000 0.000000 1.000000
0.988112 -0.074663 -0.134390 -8.479700 0.110929 0.951490 0.286987 -4.795500 0.106444 -0.298483 0.948461 -0.379100 0.000000 0.000000 0.000000 1.000000</float_array><technique_common><accessor source="#RightUpLeg-Matrix-animation-output-transform-array" count="32" stride="16"><param type="float4x4"/></accessor></technique_common></source><source id="RightUpLeg-Interpolations"><Name_array id="RightUpLeg-Interpolations-array" count="32">
 LINEAR LINEAR LINEAR LINEAR LINEAR LINEAR LINEAR LINEAR LINEAR LINEAR LINEAR
LINEAR LINEAR LINEAR LINEAR LINEAR LINEAR LINEAR LINEAR LINEAR LINEAR LINEAR LINEAR
LINEAR LINEAR LINEAR LINEAR LINEAR LINEAR LINEAR LINEAR LINEAR</Name_array><technique_common><accessor source="#RightUpLeg-Interpolations-array" count="32"><param type="name"/></accessor></technique_common></source><sampler id="RightUpLeg-Matrix-animation-transform"><input semantic="INPUT" source="#RightUpLeg-Matrix-animation-input"/><input semantic="OUTPUT" source="#RightUpLeg-Matrix-animation-output-transform"/><input semantic="INTERPOLATION" source="#RightUpLeg-Interpolations"/></sampler><channel source="#RightUpLeg-Matrix-animation-transform" target="RightUpLeg/matrix"/></animation>
    <animation id="RightLeg-anim" name="RightLeg"><source id="RightLeg-Matrix-animation-input"><float_array id="RightLeg-Matrix-animation-input-array" count="32">

0.000000 0.033333 0.066667 0.100000 0.133333 0.166667 0.200000 0.233333 0.266667 0.300000 0.333333 0.366667 0.400000 0.433333 0.466667 0.500000
