<?xml version="1.0" encoding="utf-8"?>
<COLLADA xmlns="http://www.collada.org/2005/11/COLLADASchema" version="1.4.1">
  <asset><contributor><author>Mixamo</author><authoring_tool>COLLADA Mixamo exporter</authoring_tool><comments></comments></contributor><created>2021-04-18T19:40:48Z</created><modified>2021-04-18T19:40:48Z</modified><revision></revision><title></title><unit meter="0.010000"/><up_axis>Y_UP</up_axis></asset>
  <library_animations>
    <animation id="Hips-anim" name="Hips"><source id="Hips-Matrix-animation-input"><float_array id="Hips-Matrix-animation-input-array" count="37">

0.000000 0.033333 0.066667 0.100000 0.133333 0.166667 0.200000 0.233333 0.266667 0.300000 0.333333 0.366667 0.400000 0.433333 0.466667 0.500000
0.533333 0.566667 0.600000 0.633333 0.666667 0.700000 0.733333 0.766667 0.800000 0.833333 0.866667 0.900000 0.933333 0.966667 1.000000 1.033333
1.066667 1.100000 1.133333 1.166667 1.200000</float_array><technique_common><accessor source="#Hips-Matrix-animation-input-array" count="37"><param name="TIME" type="float"/></accessor></technique_common></source><source id="Hips-Matrix-animation-output-transform"><float_array id="Hips-Matrix-animation-output-transform-array" count="592">

0.999491 -0.005448 0.031440 0.047574 0.001427 0.991963 0.126517 79.470428 -0.031877 -0.126407 0.991466 0.156326 0.000000 0.000000 0.000000 1.000000
0.998416 -0.009402 0.055473 -0.099452 0.001579 0.990231 0.139425 79.200584 -0.056242 -0.139117 0.988678 0.986480 0.000000 0.000000 0.000000 1.000000
0.996794 -0.005820 0.079803 -0.195120 -0.006374 0.988405 0.151705 78.663887 -0.079761 -0.151727 0.985199 1.728115 0.000000 0.000000 0.000000 1.000000
0.994740 0.001451 0.102420 -0.234464 -0.018246 0.986417 0.163242 78.015030 -0.100792 -0.164252 0.981256 2.403181 0.000000 0.000000 0.000000 1.000000
0.992538 0.006388 0.121767 -0.222628 -0.027757 0.984245 0.174618 77.465919 -0.118733 -0.176695 0.977078 3.001269 0.000000 0.000000 0.000000 1.000000
0.990197 0.005271 0.139577 -0.150045 -0.031304 0.982243 0.184983 77.048477 -0.136124 -0.187539 0.972779 3.430137 0.000000 0.000000 0.000000 1.000000
0.987235 -0.001819 0.159260 0.030559 -0.028870 0.981327 0.190167 76.714516 -0.156632 -0.192337 0.968748 3.463229 0.000000 0.000000 0.000000 1.000000
0.983532 -0.013023 0.180264 0.357267 -0.021183 0.982220 0.186535 76.541115 -0.179488 -0.187281 0.965769 2.925424 0.000000 0.000000 0.000000 1.000000
0.979752 -0.026161 0.198500 0.835854 -0.009174 0.984520 0.175031 76.497101 -0.200006 -0.173308 0.964345 1.830407 0.000000 0.000000 0.000000 1.000000
0.976404 -0.043507 0.211524 1.373717 0.008712 0.986634 0.162719 76.407974 -0.215776 -0.157037 0.963732 0.378713 0.000000 0.000000 0.000000 1.000000
0.973941 -0.067654 0.216475 1.850404 0.033648 0.987012 0.157082 76.207260 -0.224291 -0.145704 0.963568 -1.114622 0.000000 0.000000 0.000000 1.000000
0.972953 -0.091223 0.212228 2.273149 0.059105 0.986450 0.153049 75.972694 -0.223313 -0.136366 0.965161 -2.406744 0.000000 0.000000 0.000000 1.000000
0.974418 -0.101523 0.200505 2.690821 0.073521 0.987062 0.142488 76.000793 -0.212377 -0.124101 0.969275 -3.395224 0.000000 0.000000 0.000000 1.000000
0.981406 -0.082433 0.173340 3.184271 0.059697 0.989381 0.132518 76.761848 -0.182423 -0.119706 0.975906 -4.022991 0.000000 0.000000 0.000000 1.000000
0.991060 -0.037174 0.128134 3.731783 0.020106 0.991044 0.132011 78.096115 -0.131894 -0.128255 0.982932 -4.163214 0.000000 0.000000 0.000000 1.000000
0.996446 0.001889 0.084212 4.108282 -0.013393 0.990585 0.136243 79.343811 -0.083162 -0.136887 0.987090 -3.784630 0.000000 0.000000 0.000000 1.000000
0.998363 0.024914 0.051492 4.265338 -0.031932 0.989593 0.140304 80.134621 -0.047460 -0.141718 0.988769 -3.103762 0.000000 0.000000 0.000000 1.000000
0.998753 0.043678 0.024200 4.326294 -0.046771 0.988024 0.147044 80.466339 -0.017487 -0.147992 0.988834 -2.301427 0.000000 0.000000 0.000000 1.000000
0.998231 0.059461 0.000123 4.335880 -0.058759 0.986128 0.155239 80.469162 0.009110 -0.154972 0.987877 -1.474704 0.000000 0.000000 0.000000 1.000000
0.997572 0.066828 -0.019616 4.274744 -0.062782 0.984764 0.162170 80.204620 0.030155 -0.160544 0.986568 -0.658443 0.000000 0.000000 0.000000 1.000000
0.997274 0.065017 -0.034878 4.174815 -0.058252 0.983959 0.168614 79.726120 0.045281 -0.166123 0.985065 0.158022 0.000000 0.000000 0.000000 1.000000
0.997230 0.057556 -0.047118 4.077906 -0.048515 0.983456 0.174532 79.182831 0.056384 -0.171763 0.983523 0.967704 0.000000 0.000000 0.000000 1.000000
0.996944 0.048923 -0.060907 3.981663 -0.037354 0.983253 0.178377 78.618523 0.068614 -0.175556 0.982075 1.679658 0.000000 0.000000 0.000000 1.000000
0.995885 0.042376 -0.080103 3.866600 -0.027584 0.983738 0.177480 77.964882 0.086321 -0.174540 0.980859 2.126810 0.000000 0.000000 0.000000 1.000000
0.993942 0.040413 -0.102204 3.698931 -0.022460 0.985004 0.171063 77.314377 0.107585 -0.167731 0.979945 2.230649 0.000000 0.000000 0.000000 1.000000
0.991599 0.046095 -0.120860 3.488713 -0.026054 0.986374 0.162440 76.850853 0.126701 -0.157926 0.979289 2.044046 0.000000 0.000000 0.000000 1.000000
0.989402 0.061888 -0.131350 3.282235 -0.041724 0.987644 0.151061 76.520905 0.139075 -0.143980 0.979759 1.525258 0.000000 0.000000 0.000000 1.000000
0.986608 0.088617 -0.136937 3.067238 -0.070047 0.988375 0.134938 76.146828 0.147303 -0.123539 0.981346 0.572517 0.000000 0.000000 0.000000 1.000000
0.982174 0.121005 -0.143850 2.782124 -0.104220 0.987408 0.119009 75.801041 0.156439 -0.101895 0.982418 -0.681173 0.000000 0.000000 0.000000 1.000000
0.977583 0.149006 -0.148756 2.449168 -0.134242 0.985387 0.104839 75.634659 0.162204 -0.082520 0.983301 -1.933107 0.000000 0.000000 0.000000 1.000000
0.975776 0.163592 -0.145255 2.146509 -0.151445 0.984254 0.091146 75.760796 0.157878 -0.066940 0.985187 -2.937105 0.000000 0.000000 0.000000 1.000000
0.979741 0.154244 -0.127736 1.829996 -0.144263 0.985962 0.084067 76.411270 0.138910 -0.063936 0.988239 -3.543545 0.000000 0.000000 0.000000 1.000000
0.986827 0.127530 -0.099537 1.443648 -0.119258 0.989212 0.085067 77.306480 0.109312 -0.072076 0.991391 -3.486733 0.000000 0.000000 0.000000 1.000000
0.993267 0.094552 -0.066933 1.036202 -0.088319 0.991959 0.090646 78.100868 0.074965 -0.084124 0.993631 -2.816957 0.000000 0.000000 0.000000 1.000000
0.997690 0.059672 -0.032459 0.683435 -0.056162 0.993402 0.099992 78.791763 0.038212 -0.097938 0.994459 -1.868184 0.000000 0.000000 0.000000 1.000000
0.999683 0.025155 0.001171 0.363526 -0.025127 0.993331 0.112528 79.298820 0.001668 -0.112522 0.993648 -0.848735 0.000000 0.000000 0.000000 1.000000
0.999491 -0.005448 0.031440 0.047572 0.001427 0.991963 0.126517 79.470436 -0.031877 -0.126407 0.991466 0.156327 0.000000 0.000000 0.000000 1.000000</float_array><technique_common><accessor source="#Hips-Matrix-animation-output-transform-array" count="37" stride="16"><param type="float4x4"/></accessor></technique_common></source><source id="Hips-Interpolations"><Name_array id="Hips-Interpolations-array" count="37">
 LINEAR LINEAR LINEAR LINEAR LINEAR LINEAR LINEAR LINEAR LINEAR LINEAR LINEAR
LINEAR LINEAR LINEAR LINEAR LINEAR LINEAR LINEAR LINEAR LINEAR LINEAR LINEAR LINEAR
LINEAR LINEAR LINEAR LINEAR LINEAR LINEAR LINEAR LINEAR LINEAR LINEAR LINEAR LINEAR
LINEAR LINEAR</Name_array><technique_common><accessor source="#Hips-Interpolations-array" count="37"><param type="name"/></accessor></technique_common></source><sampler id="Hips-Matrix-animation-transform"><input semantic="INPUT" source="#Hips-Matrix-animation-input"/><input semantic="OUTPUT" source="#Hips-Matrix-animation-output-transform"/><input semantic="INTERPOLATION" source="#Hips-Interpolations"/></sampler><channel source="#Hips-Matrix-animation-transform" target="Hips/matrix"/></animation>
    <animation id="Pelvis-anim" name="Pelvis"><source id="Pelvis-Matrix-animation-input"><float_array id="Pelvis-Matrix-animation-input-array" count="37">

0.000000 0.033333 0.066667 0.100000 0.133333 0.166667 0.200000 0.233333 0.266667 0.300000 0.333333 0.366667 0.400000 0.433333 0.466667 0.500000
0.533333 0.566667 0.600000 0.633333 0.666667 0.700000 0.733333 0.766667 0.800000 0.833333 0.866667 0.900000 0.933333 0.966667 1.000000 1.033333
1.066667 1.100000 1.133333 1.166667 1.200000</float_array><technique_common><accessor source="#Pelvis-Matrix-animation-input-array" count="37"><param name="TIME" type="float"/></accessor></technique_common></source><source id="Pelvis-Matrix-animation-output-transform"><float_array id="Pelvis-Matrix-animation-output-transform-array" count="592">

1.000000 -0.000000 0.000000 0.000000 -0.000000 1.000000 -0.000000 0.000000 0.000000 0.000000 1.000000 0.000000 0.000000 0.000000 0.000000 1.000000
1.000000 0.000000 0.000000 0.000000 -0.000000 1.000000 0.000000 0.000000 0.000000 0.000000 1.000000 0.000000 0.000000 0.000000 0.000000 1.000000
1.000000 -0.000000 0.000000 0.000000 0.000000 1.000000 -0.000000 0.000000 0.000000 -0.000000 1.000000 0.000000 0.000000 0.000000 0.000000 1.000000
1.000000 0.000000 -0.000000 0.000000 -0.000000 1.000000 0.000000 0.000000 0.000000 0.000000 1.000000 0.000000 0.000000 0.000000 0.000000 1.000000
1.000000 0.000000 0.000000 0.000000 0.000000 1.000000 0.000000 0.000000 0.000000 0.000000 1.000000 0.000000 0.000000 0.000000 0.000000 1.000000
1.000000 -0.000000 0.000000 0.000000 0.000000 1.000000 0.000000 0.000000 -0.000000 -0.000000 1.000000 0.000000 0.000000 0.000000 0.000000 1.000000
1.000000 0.000000 -0.000000 0.000000 0.000000 1.000000 -0.000000 0.000000 0.000000 -0.000000 1.000000 0.000000 0.000000 0.000000 0.000000 1.000000
1.000000 0.000000 -0.000000 0.000000 -0.000000 1.000000 0.000000 0.000000 -0.000000 0.000000 1.000000 0.000000 0.000000 0.000000 0.000000 1.000000
1.000000 -0.000000 0.000000 0.000000 0.000000 1.000000 0.000000 0.000000 0.000000 0.000000 1.000000 0.000000 0.000000 0.000000 0.000000 1.000000
1.000000 0.000000 0.000000 0.000000 0.000000 1.000000 -0.000000 0.000000 0.000000 0.000000 1.000000 0.000000 0.000000 0.000000 0.000000 1.000000
1.000000 0.000000 -0.000000 0.000000 0.000000 1.000000 0.000000 0.000000 0.000000 -0.000000 1.000000 0.000000 0.000000 0.000000 0.000000 1.000000
1.000000 0.000000 0.000000 0.000000 0.000000 1.000000 0.000000 0.000000 0.000000 -0.000000 1.000000 0.000000 0.000000 0.000000 0.000000 1.000000
1.000000 -0.000000 0.000000 0.000000 0.000000 1.000000 -0.000000 0.000000 0.000000 0.000000 1.000000 0.000000 0.000000 0.000000 0.000000 1.000000
1.000000 -0.000000 0.000000 0.000000 -0.000000 1.000000 -0.000000 0.000000 0.000000 0.000000 1.000000 0.000000 0.000000 0.000000 0.000000 1.000000
1.000000 -0.000000 0.000000 0.000000 -0.000000 1.000000 0.000000 0.000000 0.000000 0.000000 1.000000 0.000000 0.000000 0.000000 0.000000 1.000000
1.000000 0.000000 0.000000 0.000000 0.000000 1.000000 -0.000000 0.000000 0.000000 0.000000 1.000000 0.000000 0.000000 0.000000 0.000000 1.000000
1.000000 0.000000 0.000000 0.000000 -0.000000 1.000000 0.000000 0.000000 -0.000000 0.000000 1.000000 0.000000 0.000000 0.000000 0.000000 1.000000
1.000000 0.000000 0.000000 0.000000 -0.000000 1.000000 0.000000 0.000000 0.000000 0.000000 1.000000 0.000000 0.000000 0.000000 0.000000 1.000000
1.000000 0.000000 0.000000 0.000000 -0.000000 1.000000 0.000000 0.000000 0.000000 0.000000 1.000000 0.000000 0.000000 0.000000 0.000000 1.000000
1.000000 0.000000 0.000000 0.000000 -0.000000 1.000000 -0.000000 0.000000 0.000000 -0.000000 1.000000 0.000000 0.000000 0.000000 0.000000 1.000000
1.000000 -0.000000 -0.000000 0.000000 -0.000000 1.000000 0.000000 0.000000 -0.000000 -0.000000 1.000000 0.000000 0.000000 0.000000 0.000000 1.000000
1.000000 0.000000 0.000000 0.000000 -0.000000 1.000000 -0.000000 0.000000 0.000000 0.000000 1.000000 0.000000 0.000000 0.000000 0.000000 1.000000
1.000000 -0.000000 0.000000 0.000000 0.000000 1.000000 0.000000 0.000000 0.000000 0.000000 1.000000 0.000000 0.000000 0.000000 0.000000 1.000000
1.000000 0.000000 -0.000000 0.000000 0.000000 1.000000 0.000000 0.000000 0.000000 0.000000 1.000000 0.000000 0.000000 0.000000 0.000000 1.000000
1.000000 -0.000000 0.000000 0.000000 0.000000 1.000000 0.000000 0.000000 -0.000000 0.000000 1.000000 0.000000 0.000000 0.000000 0.000000 1.000000
1.000000 0.000000 -0.000000 0.000000 0.000000 1.000000 -0.000000 0.000000 -0.000000 0.000000 1.000000 0.000000 0.000000 0.000000 0.000000 1.000000
1.000000 0.000000 0.000000 0.000000 0.000000 1.000000 0.000000 0.000000 0.000000 -0.000000 1.000000 0.000000 0.000000 0.000000 0.000000 1.000000
1.000000 -0.000000 -0.000000 0.000000 -0.000000 1.000000 0.000000 0.000000 0.000000 -0.000000 1.000000 0.000000 0.000000 0.000000 0.000000 1.000000
1.000000 -0.000000 0.000000 0.000000 -0.000000 1.000000 0.000000 0.000000 0.000000 0.000000 1.000000 0.000000 0.000000 0.000000 0.000000 1.000000
1.000000 0.000000 0.000000 0.000000 -0.000000 1.000000 0.000000 0.000000 0.000000 0.000000 1.000000 0.000000 0.000000 0.000000 0.000000 1.000000
1.000000 -0.000000 0.000000 0.000000 0.000000 1.000000 0.000000 0.000000 0.000000 0.000000 1.000000 0.000000 0.000000 0.000000 0.000000 1.000000
1.000000 -0.000000 -0.000000 0.000000 -0.000000 1.000000 -0.000000 0.000000 0.000000 0.000000 1.000000 0.000000 0.000000 0.000000 0.000000 1.000000
1.000000 0.000000 -0.000000 0.000000 0.000000 1.000000 -0.000000 0.000000 0.000000 0.000000 1.000000 0.000000 0.000000 0.000000 0.000000 1.000000
1.000000 0.000000 -0.000000 0.000000 -0.000000 1.000000 -0.000000 0.000000 -0.000000 0.000000 1.000000 0.000000 0.000000 0.000000 0.000000 1.000000
1.000000 -0.000000 0.000000 0.000000 -0.000000 1.000000 0.000000 0.000000 0.000000 0.000000 1.000000 0.000000 0.000000 0.000000 0.000000 1.000000
1.000000 0.000000 -0.000000 0.000000 0.000000 1.000000 0.000000 0.000000 -0.000000 0.000000 1.000000 0.000000 0.000000 0.000000 0.000000 1.000000
1.000000 0.000000 0.000000 0.000000 0.000000 1.000000 -0.000000 0.000000 0.000000 0.000000 1.000000 0.000000 0.000000 0.000000 0.000000 1.000000</float_array><technique_common><accessor source="#Pelvis-Matrix-animation-output-transform-array" count="37" stride="16"><param type="float4x4"/></accessor></technique_common></source><source id="Pelvis-Interpolations"><Name_array id="Pelvis-Interpolations-array" count="37">
 LINEAR LINEAR LINEAR LINEAR LINEAR LINEAR LINEAR LINEAR LINEAR LINEAR LINEAR
LINEAR LINEAR LINEAR LINEAR LINEAR LINEAR LINEAR LINEAR LINEAR LINEAR LINEAR LINEAR
LINEAR LINEAR LINEAR LINEAR LINEAR LINEAR LINEAR LINEAR LINEAR LINEAR LINEAR LINEAR
LINEAR LINEAR</Name_array><technique_common><accessor source="#Pelvis-Interpolations-array" count="37"><param type="name"/></accessor></technique_common></source><sampler id="Pelvis-Matrix-animation-transform"><input semantic="INPUT" source="#Pelvis-Matrix-animation-input"/><input semantic="OUTPUT" source="#Pelvis-Matrix-animation-output-transform"/><input semantic="INTERPOLATION" source="#Pelvis-Interpolations"/></sampler><channel source="#Pelvis-Matrix-animation-transform" target="Pelvis/matrix"/></animation>
    <animation id="LeftUpLeg-anim" name="LeftUpLeg"><source id="LeftUpLeg-Matrix-animation-input"><float_array id="LeftUpLeg-Matrix-animation-input-array" count="37">

0.000000 0.033333 0.066667 0.100000 0.133333 0.166667 0.200000 0.233333 0.266667 0.300000 0.333333 0.366667 0.400000 0.433333 0.466667 0.500000
0.533333 0.566667 0.600000 0.633333 0.666667 0.700000 0.733333 0.766667 0.800000 0.833333 0.866667 0.900000 0.933333 0.966667 1.000000 1.033333
1.066667 1.100000 1.133333 1.166667 1.200000</float_array><technique_common><accessor source="#LeftUpLeg-Matrix-animation-input-array" count="37"><param name="TIME" type="float"/></accessor></technique_common></source><source id="LeftUpLeg-Matrix-animation-output-transform"><float_array id="LeftUpLeg-Matrix-animation-output-transform-array" count="592">

0.994948 -0.100326 0.003516 8.479700 0.095607 0.957662 0.271557 -4.795500 -0.030611 -0.269849 0.962416 -0.379100 0.000000 0.000000 0.000000 1.000000
0.994709 -0.102435 0.007807 8.479700 0.099553 0.979896 0.172898 -4.795500 -0.025361 -0.171206 0.984909 -0.379100 0.000000 0.000000 0.000000 1.000000
0.992678 -0.118439 0.023726 8.479700 0.116639 0.990938 0.066619 -4.795500 -0.031401 -0.063364 0.997496 -0.379100 0.000000 0.000000 0.000000 1.000000
0.989556 -0.136405 0.046618 8.479700 0.138444 0.989405 -0.043717 -4.795500 -0.040161 0.049714 0.997956 -0.379100 0.000000 0.000000 0.000000 1.000000
0.986139 -0.152332 0.065758 8.479700 0.160986 0.974387 -0.157012 -4.795500 -0.040156 0.165422 0.985405 -0.379100 0.000000 0.000000 0.000000 1.000000
0.983449 -0.160864 0.083367 8.479700 0.177094 0.950660 -0.254723 -4.795500 -0.038278 0.265271 0.963414 -0.379100 0.000000 0.000000 0.000000 1.000000
0.984142 -0.149765 0.095048 8.479700 0.172198 0.935228 -0.309349 -4.795500 -0.042561 0.320811 0.946187 -0.379100 0.000000 0.000000 0.000000 1.000000
0.988988 -0.110327 0.098640 8.479700 0.136838 0.935569 -0.325554 -4.795500 -0.056367 0.335467 0.940364 -0.379100 0.000000 0.000000 0.000000 1.000000
0.992260 -0.092526 0.082822 8.479700 0.112479 0.952292 -0.283704 -4.795500 -0.052620 0.290823 0.955329 -0.379100 0.000000 0.000000 0.000000 1.000000
0.996113 -0.066476 0.057791 8.479700 0.078411 0.968116 -0.237915 -4.795500 -0.040133 0.241522 0.969565 -0.379100 0.000000 0.000000 0.000000 1.000000
0.998466 -0.027824 0.047868 8.479700 0.037460 0.976120 -0.213976 -4.795500 -0.040771 0.215441 0.975665 -0.379100 0.000000 0.000000 0.000000 1.000000
0.999493 0.011727 0.029598 8.479700 -0.007202 0.988872 -0.148593 -4.795500 -0.031012 0.148304 0.988455 -0.379100 0.000000 0.000000 0.000000 1.000000
0.998633 0.045786 0.025206 8.479700 -0.044848 0.998323 -0.036592 -4.795500 -0.026839 0.035411 0.999012 -0.379100 0.000000 0.000000 0.000000 1.000000
0.997657 0.067793 0.009234 8.479700 -0.068059 0.997156 0.032372 -4.795500 -0.007013 -0.032925 0.999433 -0.379100 0.000000 0.000000 0.000000 1.000000
0.998617 0.051908 -0.008291 8.479700 -0.051362 0.997094 0.056268 -4.795500 0.011187 -0.055764 0.998381 -0.379100 0.000000 0.000000 0.000000 1.000000
0.999385 0.027538 -0.021691 8.479700 -0.026197 0.997864 0.059841 -4.795500 0.023292 -0.059236 0.997972 -0.379100 0.000000 0.000000 0.000000 1.000000
0.999560 0.013236 -0.026549 8.479700 -0.011382 0.997564 0.068818 -4.795500 0.027395 -0.068485 0.997276 -0.379100 0.000000 0.000000 0.000000 1.000000
0.999564 -0.000319 -0.029511 8.479700 0.002961 0.995979 0.089541 -4.795500 0.029364 -0.089589 0.995546 -0.379100 0.000000 0.000000 0.000000 1.000000
0.999369 -0.013338 -0.032907 8.479700 0.017212 0.992573 0.120424 -4.795500 0.031057 -0.120914 0.992177 -0.379100 0.000000 0.000000 0.000000 1.000000
0.999124 -0.022233 -0.035445 8.479700 0.027645 0.986669 0.160373 -4.795500 0.031407 -0.161213 0.986420 -0.379100 0.000000 0.000000 0.000000 1.000000
0.998831 -0.021403 -0.043347 8.479700 0.029838 0.978425 0.204438 -4.795500 0.038036 -0.205492 0.977919 -0.379100 0.000000 0.000000 0.000000 1.000000
0.998433 -0.013052 -0.054415 8.479700 0.026121 0.968679 0.246937 -4.795500 0.049487 -0.247972 0.967502 -0.379100 0.000000 0.000000 0.000000 1.000000
0.997897 -0.003500 -0.064728 8.479700 0.022149 0.956851 0.289735 -4.795500 0.060921 -0.290559 0.954916 -0.379100 0.000000 0.000000 0.000000 1.000000
0.997295 0.002600 -0.073459 8.479700 0.022582 0.940207 0.339855 -4.795500 0.069950 -0.340595 0.937604 -0.379100 0.000000 0.000000 0.000000 1.000000
0.996789 0.003514 -0.079994 8.479700 0.028407 0.918531 0.394328 -4.795500 0.074863 -0.395334 0.915482 -0.379100 0.000000 0.000000 0.000000 1.000000
0.996136 -0.007354 -0.087520 8.479700 0.045406 0.896109 0.441505 -4.795500 0.075180 -0.443773 0.892980 -0.379100 0.000000 0.000000 0.000000 1.000000
0.994755 -0.031493 -0.097313 8.479700 0.074838 0.872640 0.482596 -4.795500 0.069721 -0.487348 0.870420 -0.379100 0.000000 0.000000 0.000000 1.000000
0.991606 -0.069965 -0.108735 8.479700 0.117011 0.843392 0.524402 -4.795500 0.055017 -0.532723 0.844499 -0.379100 0.000000 0.000000 0.000000 1.000000
0.985685 -0.120131 -0.118291 8.479700 0.166104 0.812121 0.559347 -4.795500 0.028872 -0.570989 0.820450 -0.379100 0.000000 0.000000 0.000000 1.000000
0.978297 -0.155801 -0.136605 8.479700 0.206885 0.771190 0.602050 -4.795500 0.011548 -0.617245 0.786686 -0.379100 0.000000 0.000000 0.000000 1.000000
0.973614 -0.173478 -0.148263 8.479700 0.228175 0.750216 0.620574 -4.795500 0.003573 -0.638029 0.770004 -0.379100 0.000000 0.000000 0.000000 1.000000
0.976307 -0.170024 -0.133853 8.479700 0.216389 0.765357 0.606139 -4.795500 -0.000613 -0.620742 0.784014 -0.379100 0.000000 0.000000 0.000000 1.000000
0.978970 -0.176324 -0.102605 8.479700 0.203051 0.793616 0.573537 -4.795500 -0.019699 -0.582309 0.812729 -0.379100 0.000000 0.000000 0.000000 1.000000
0.983735 -0.168961 -0.060975 8.479700 0.175849 0.836615 0.518799 -4.795500 -0.036645 -0.521083 0.852719 -0.379100 0.000000 0.000000 0.000000 1.000000
0.986525 -0.161073 -0.028717 8.479700 0.157103 0.883548 0.441205 -4.795500 -0.045694 -0.439771 0.896947 -0.379100 0.000000 0.000000 0.000000 1.000000
0.992943 -0.118532 -0.003871 8.479700 0.111731 0.924028 0.365634 -4.795500 -0.039762 -0.363486 0.930751 -0.379100 0.000000 0.000000 0.000000 1.000000
0.994948 -0.100326 0.003516 8.479700 0.095607 0.957662 0.271558 -4.795500 -0.030611 -0.269850 0.962416 -0.379100 0.000000 0.000000 0.000000 1.000000</float_array><technique_common><accessor source="#LeftUpLeg-Matrix-animation-output-transform-array" count="37" stride="16"><param type="float4x4"/></accessor></technique_common></source><source id="LeftUpLeg-Interpolations"><Name_array id="LeftUpLeg-Interpolations-array" count="37">
 LINEAR LINEAR LINEAR LINEAR LINEAR LINEAR LINEAR LINEAR LINEAR LINEAR LINEAR
LINEAR LINEAR LINEAR LINEAR LINEAR LINEAR LINEAR LINEAR LINEAR LINEAR LINEAR LINEAR
LINEAR LINEAR LINEAR LINEAR LINEAR LINEAR LINEAR LINEAR LINEAR LINEAR LINEAR LINEAR
LINEAR LINEAR</Name_array><technique_common><accessor source="#LeftUpLeg-Interpolations-array" count="37"><param type="name"/></accessor></technique_common></source><sampler id="LeftUpLeg-Matrix-animation-transform"><input semantic="INPUT" source="#LeftUpLeg-Matrix-animation-input"/><input semantic="OUTPUT" source="#LeftUpLeg-Matrix-animation-output-transform"/><input semantic="INTERPOLATION" source="#LeftUpLeg-Interpolations"/></sampler><channel source="#LeftUpLeg-Matrix-animation-transform" target="LeftUpLeg/matrix"/></animation>
    <animation id="LeftLeg-anim" name="LeftLeg"><source id="LeftLeg-Matrix-animation-input"><float_array id="LeftLeg-Matrix-animation-input-array" count="37">

0.000000 0.033333 0.066667 0.100000 0.133333 0.166667 0.200000 0.233333 0.266667 0.300000 0.333333 0.366667 0.400000 0.433333 0.466667 0.500000
0.533333 0.566667 0.600000 0.633333 0.666667 0.700000 0.733333 0.766667 0.800000 0.833333 0.866667 0.900000 0.933333 0.966667 1.000000 1.033333
1.066667 1.100000 1.133333 1.166667 1.200000</float_array><technique_common><accessor source="#LeftLeg-Matrix-animation-input-array" count="37"><param name="TIME" type="float"/></accessor></technique_common></source><source id="LeftLeg-Matrix-animation-output-transform"><float_array id="LeftLeg-Matrix-animation-output-transform-array" count="592">

0.997865 0.010874 0.064406 0.485100 0.041231 0.659899 -0.750222 -32.551498 -0.050660 0.751275 0.658042 0.112900 0.000000 0.000000 0.000000 1.000000
0.999338 -0.021811 0.029130 0.485100 0.036346 0.637966 -0.769206 -32.551498 -0.001807 0.769755 0.638336 0.112900 0.000000 0.000000 0.000000 1.000000
0.998618 -0.052535 0.001749 0.485100 0.034538 0.630693 -0.775263 -32.551498 0.039625 0.774252 0.631636 0.112900 0.000000 0.000000 0.000000 1.000000
0.994250 -0.092843 -0.053365 0.485100 0.020044 0.650866 -0.758928 -32.551498 0.105194 0.753494 0.648985 0.112900 0.000000 0.000000 0.000000 1.000000
0.988802 -0.126936 -0.078470 0.485100 0.034504 0.706040 -0.707331 -32.551498 0.145189 0.696703 0.702514 0.112900 0.000000 0.000000 0.000000 1.000000
0.986047 -0.152058 -0.067750 0.485100 0.076588 0.775741 -0.626387 -32.551498 0.147804 0.612458 0.776563 0.112900 0.000000 0.000000 0.000000 1.000000
0.983450 -0.171987 -0.056972 0.485100 0.110689 0.819297 -0.562583 -32.551498 0.143434 0.546967 0.824775 0.112900 0.000000 0.000000 0.000000 1.000000
0.983900 -0.177342 -0.022134 0.485100 0.139177 0.838010 -0.527607 -32.551498 0.112115 0.516032 0.849200 0.112900 0.000000 0.000000 0.000000 1.000000
0.988355 -0.151905 0.008920 0.485100 0.133427 0.836967 -0.530738 -32.551498 0.073156 0.525748 0.847489 0.112900 0.000000 0.000000 0.000000 1.000000
0.992809 -0.119467 -0.007549 0.485100 0.097032 0.840095 -0.533689 -32.551498 0.070101 0.529119 0.845647 0.112900 0.000000 0.000000 0.000000 1.000000
0.995445 -0.094804 -0.010076 0.485100 0.076637 0.858572 -0.506933 -32.551498 0.056710 0.503851 0.861927 0.112900 0.000000 0.000000 0.000000 1.000000
0.997072 -0.076372 -0.003721 0.485100 0.062477 0.841801 -0.536160 -32.551498 0.044080 0.534358 0.844108 0.112900 0.000000 0.000000 0.000000 1.000000
0.997691 -0.062918 -0.025577 0.485100 0.034460 0.793460 -0.607646 -32.551498 0.058526 0.605362 0.793796 0.112900 0.000000 0.000000 0.000000 1.000000
0.997289 -0.064187 -0.035976 0.485100 0.028059 0.783728 -0.620470 -32.551498 0.068021 0.617779 0.783405 0.112900 0.000000 0.000000 0.000000 1.000000
0.998383 -0.056280 -0.008032 0.485100 0.040793 0.807606 -0.588310 -32.551498 0.039597 0.587031 0.808595 0.112900 0.000000 0.000000 0.000000 1.000000
0.998060 -0.044863 0.043163 0.485100 0.061081 0.839711 -0.539587 -32.551498 -0.012037 0.541177 0.840823 0.112900 0.000000 0.000000 0.000000 1.000000
0.996255 -0.041713 0.075736 0.485100 0.074383 0.860045 -0.504767 -32.551498 -0.044082 0.508510 0.859927 0.112900 0.000000 0.000000 0.000000 1.000000
0.993972 -0.040327 0.101944 0.485100 0.086124 0.862605 -0.498493 -32.551498 -0.067834 0.504268 0.860878 0.112900 0.000000 0.000000 0.000000 1.000000
0.991414 -0.038197 0.125055 0.485100 0.097578 0.852754 -0.513116 -32.551498 -0.087041 0.520913 0.849160 0.112900 0.000000 0.000000 0.000000 1.000000
0.989388 -0.031942 0.141740 0.485100 0.104283 0.835392 -0.539671 -32.551498 -0.101170 0.548726 0.829858 0.112900 0.000000 0.000000 0.000000 1.000000
0.986821 -0.025269 0.159829 0.485100 0.113172 0.813745 -0.570098 -32.551498 -0.115655 0.580673 0.805880 0.112900 0.000000 0.000000 0.000000 1.000000
0.984247 -0.019992 0.175665 0.485100 0.122332 0.794345 -0.595022 -32.551498 -0.127642 0.607138 0.784277 0.112900 0.000000 0.000000 0.000000 1.000000
0.984041 -0.014952 0.177312 0.485100 0.122738 0.778505 -0.615520 -32.551498 -0.128836 0.627460 0.767916 0.112900 0.000000 0.000000 0.000000 1.000000
0.983821 -0.011689 0.178773 0.485100 0.124332 0.762991 -0.634339 -32.551498 -0.128987 0.646303 0.752100 0.112900 0.000000 0.000000 0.000000 1.000000
0.983643 -0.017068 0.179319 0.485100 0.130572 0.753340 -0.644539 -32.551498 -0.124087 0.657410 0.743246 0.112900 0.000000 0.000000 0.000000 1.000000
0.983504 -0.025701 0.179052 0.485100 0.135634 0.759700 -0.635972 -32.551498 -0.119680 0.649766 0.750653 0.112900 0.000000 0.000000 0.000000 1.000000
0.983284 -0.036860 0.178307 0.485100 0.139466 0.782033 -0.607432 -32.551498 -0.117051 0.622146 0.774101 0.112900 0.000000 0.000000 0.000000 1.000000
0.982836 -0.045108 0.178880 0.485100 0.140104 0.813326 -0.564688 -32.551498 -0.120015 0.580057 0.805686 0.112900 0.000000 0.000000 0.000000 1.000000
0.983043 -0.049067 0.176690 0.485100 0.135292 0.844490 -0.518201 -32.551498 -0.123787 0.533319 0.836808 0.112900 0.000000 0.000000 0.000000 1.000000
0.982060 -0.056998 0.179749 0.485100 0.145826 0.833909 -0.532288 -32.551498 -0.119554 0.548950 0.827261 0.112900 0.000000 0.000000 0.000000 1.000000
0.984307 -0.057917 0.166690 0.485100 0.140466 0.828919 -0.541445 -32.551498 -0.106814 0.556363 0.824046 0.112900 0.000000 0.000000 0.000000 1.000000
0.989022 -0.045497 0.140589 0.485100 0.111844 0.852278 -0.510992 -32.551498 -0.096572 0.521106 0.848011 0.112900 0.000000 0.000000 0.000000 1.000000
0.987792 0.007748 0.155588 0.485100 0.073794 0.856322 -0.511142 -32.551498 -0.137194 0.516383 0.845296 0.112900 0.000000 0.000000 0.000000 1.000000
0.984167 0.047796 0.170679 0.485100 0.057840 0.823635 -0.564162 -32.551498 -0.167542 0.565102 0.807830 0.112900 0.000000 0.000000 0.000000 1.000000
0.985331 0.055001 0.161548 0.485100 0.058922 0.778780 -0.624523 -32.551498 -0.160160 0.624881 0.764116 0.112900 0.000000 0.000000 0.000000 1.000000
0.992087 0.036176 0.120229 0.485100 0.059487 0.707851 -0.703853 -32.551498 -0.110567 0.705435 0.700097 0.112900 0.000000 0.000000 0.000000 1.000000
0.997865 0.010874 0.064406 0.485100 0.041231 0.659899 -0.750222 -32.551498 -0.050659 0.751276 0.658041 0.112900 0.000000 0.000000 0.000000 1.000000</float_array><technique_common><accessor source="#LeftLeg-Matrix-animation-output-transform-array" count="37" stride="16"><param type="float4x4"/></accessor></technique_common></source><source id="LeftLeg-Interpolations"><Name_array id="LeftLeg-Interpolations-array" count="37">
 LINEAR LINEAR LINEAR LINEAR LINEAR LINEAR LINEAR LINEAR LINEAR LINEAR LINEAR
LINEAR LINEAR LINEAR LINEAR LINEAR LINEAR LINEAR LINEAR LINEAR LINEAR LINEAR LINEAR
LINEAR LINEAR LINEAR LINEAR LINEAR LINEAR LINEAR LINEAR LINEAR LINEAR LINEAR LINEAR
LINEAR LINEAR</Name_array><technique_common><accessor source="#LeftLeg-Interpolations-array" count="37"><param type="name"/></accessor></technique_common></source><sampler id="LeftLeg-Matrix-animation-transform"><input semantic="INPUT" source="#LeftLeg-Matrix-animation-input"/><input semantic="OUTPUT" source="#LeftLeg-Matrix-animation-output-transform"/><input semantic="INTERPOLATION" source="#LeftLeg-Interpolations"/></sampler><channel source="#LeftLeg-Matrix-animation-transform" target="LeftLeg/matrix"/></animation>
    <animation id="LeftFoot-anim" name="LeftFoot"><source id="LeftFoot-Matrix-animation-input"><float_array id="LeftFoot-Matrix-animation-input-array" count="37">

0.000000 0.033333 0.066667 0.100000 0.133333 0.166667 0.200000 0.233333 0.266667 0.300000 0.333333 0.366667 0.400000 0.433333 0.466667 0.500000
0.533333 0.566667 0.600000 0.633333 0.666667 0.700000 0.733333 0.766667 0.800000 0.833333 0.866667 0.900000 0.933333 0.966667 1.000000 1.033333
1.066667 1.100000 1.133333 1.166667 1.200000</float_array><technique_common><accessor source="#LeftFoot-Matrix-animation-input-array" count="37"><param name="TIME" type="float"/></accessor></technique_common></source><source id="LeftFoot-Matrix-animation-output-transform"><float_array id="LeftFoot-Matrix-animation-output-transform-array" count="592">

0.979787 0.199477 0.015058 0.438000 -0.200044 0.976731 0.077328 -32.635700 0.000717 -0.078777 0.996892 -3.012600 0.000000 0.000000 0.000000 1.000000
0.964258 0.263891 0.023855 0.438000 -0.264923 0.961815 0.068762 -32.635700 -0.004798 -0.072624 0.997348 -3.012600 0.000000 0.000000 0.000000 1.000000
0.952200 0.303854 0.031431 0.438000 -0.305470 0.947726 0.092217 -32.635700 -0.001768 -0.097410 0.995243 -3.012600 0.000000 0.000000 0.000000 1.000000
0.935886 0.349719 0.042598 0.438000 -0.352304 0.928969 0.113570 -32.635700 0.000145 -0.121296 0.992616 -3.012600 0.000000 0.000000 0.000000 1.000000
0.917068 0.398363 -0.017136 0.438000 -0.393829 0.911673 0.117261 -32.635700 0.062335 -0.100788 0.992953 -3.012600 0.000000 0.000000 0.000000 1.000000
0.898842 0.419361 -0.127355 0.438000 -0.408552 0.906918 0.102883 -32.635700 0.158645 -0.040445 0.986507 -3.012600 0.000000 0.000000 0.000000 1.000000
0.909727 0.365302 -0.197364 0.438000 -0.348303 0.930156 0.116168 -32.635700 0.226015 -0.036939 0.973423 -3.012600 0.000000 0.000000 0.000000 1.000000
0.954029 0.190289 -0.231557 0.438000 -0.142991 0.967978 0.206332 -32.635700 0.263405 -0.163736 0.950688 -3.012600 0.000000 0.000000 0.000000 1.000000
0.966797 0.152863 -0.204783 0.438000 -0.083565 0.946417 0.311948 -32.635700 0.241495 -0.284478 0.927767 -3.012600 0.000000 0.000000 0.000000 1.000000
0.979268 0.137401 -0.148844 0.438000 -0.063499 0.905972 0.418549 -32.635700 0.192358 -0.400420 0.895914 -3.012600 0.000000 0.000000 0.000000 1.000000
0.983543 0.099253 -0.150968 0.438000 -0.009081 0.861690 0.507354 -32.635700 0.180444 -0.497633 0.848411 -3.012600 0.000000 0.000000 0.000000 1.000000
0.985111 0.088515 -0.147380 0.438000 0.004603 0.843384 0.537291 -32.635700 0.171856 -0.529970 0.830420 -3.012600 0.000000 0.000000 0.000000 1.000000
0.991176 0.055923 -0.120180 0.438000 0.015311 0.852280 0.522861 -32.635700 0.131667 -0.520087 0.843903 -3.012600 0.000000 0.000000 0.000000 1.000000
0.997876 0.021144 -0.061619 0.438000 0.011294 0.875393 0.483281 -32.635700 0.064160 -0.482950 0.873294 -3.012600 0.000000 0.000000 0.000000 1.000000
0.999627 0.009067 -0.025758 0.438000 0.002778 0.904615 0.426220 -32.635700 0.027166 -0.426133 0.904253 -3.012600 0.000000 0.000000 0.000000 1.000000
0.999659 0.012212 -0.023069 0.438000 -0.002911 0.930450 0.366408 -32.635700 0.025939 -0.366216 0.930168 -3.012600 0.000000 0.000000 0.000000 1.000000
0.999675 0.015092 -0.020551 0.438000 -0.007799 0.948360 0.317100 -32.635700 0.024276 -0.316836 0.948169 -3.012600 0.000000 0.000000 0.000000 1.000000
0.999641 0.019503 -0.018359 0.438000 -0.013460 0.958373 0.285203 -32.635700 0.023157 -0.284854 0.958291 -3.012600 0.000000 0.000000 0.000000 1.000000
0.999553 0.024793 -0.016686 0.438000 -0.019489 0.964052 0.264999 -32.635700 0.022656 -0.264555 0.964104 -3.012600 0.000000 0.000000 0.000000 1.000000
0.999486 0.027831 -0.015895 0.438000 -0.022970 0.967882 0.250353 -32.635700 0.022352 -0.249859 0.968024 -3.012600 0.000000 0.000000 0.000000 1.000000
0.999380 0.031890 -0.014948 0.438000 -0.027441 0.971093 0.237118 -32.635700 0.022078 -0.236561 0.971366 -3.012600 0.000000 0.000000 0.000000 1.000000
0.999302 0.035980 -0.010017 0.438000 -0.032904 0.975029 0.219628 -32.635700 0.017669 -0.219146 0.975532 -3.012600 0.000000 0.000000 0.000000 1.000000
0.999256 0.037227 0.010052 0.438000 -0.038476 0.979765 0.196416 -32.635700 -0.002537 -0.196657 0.980469 -3.012600 0.000000 0.000000 0.000000 1.000000
0.998589 0.041419 0.033248 0.438000 -0.046421 0.984794 0.167407 -32.635700 -0.025808 -0.168714 0.985327 -3.012600 0.000000 0.000000 0.000000 1.000000
0.997035 0.051176 0.057463 0.438000 -0.058115 0.990274 0.126409 -32.635700 -0.050436 -0.129374 0.990312 -3.012600 0.000000 0.000000 0.000000 1.000000
0.995360 0.062738 0.072959 0.438000 -0.067735 0.995372 0.068168 -32.635700 -0.068345 -0.072794 0.995003 -3.012600 0.000000 0.000000 0.000000 1.000000
0.994490 0.074397 0.073849 0.438000 -0.074013 0.997226 -0.007925 -32.635700 -0.074234 0.002415 0.997238 -3.012600 0.000000 0.000000 0.000000 1.000000
0.995335 0.073715 0.062248 0.438000 -0.067436 0.992942 -0.097562 -32.635700 -0.069000 0.092909 0.993281 -3.012600 0.000000 0.000000 0.000000 1.000000
0.996133 0.077605 0.041200 0.438000 -0.070724 0.986441 -0.148099 -32.635700 -0.052134 0.144612 0.988114 -3.012600 0.000000 0.000000 0.000000 1.000000
0.995505 0.091205 0.025519 0.438000 -0.091166 0.995832 -0.002697 -32.635700 -0.025659 0.000359 0.999671 -3.012600 0.000000 0.000000 0.000000 1.000000
0.994280 0.082998 0.067228 0.438000 -0.095282 0.973659 0.207146 -32.635700 -0.048265 -0.212367 0.975997 -3.012600 0.000000 0.000000 0.000000 1.000000
0.989874 0.038891 0.136516 0.438000 -0.068534 0.973155 0.219709 -32.635700 -0.124307 -0.226840 0.965967 -3.012600 0.000000 0.000000 0.000000 1.000000
0.988705 0.007198 0.149699 0.438000 -0.025231 0.992584 0.118913 -32.635700 -0.147733 -0.121347 0.981555 -3.012600 0.000000 0.000000 0.000000 1.000000
0.994216 0.018571 0.105786 0.438000 -0.029170 0.994605 0.099548 -32.635700 -0.103366 -0.102058 0.989394 -3.012600 0.000000 0.000000 0.000000 1.000000
0.985594 0.165419 0.035225 0.438000 -0.167621 0.983131 0.073185 -32.635700 -0.022525 -0.078035 0.996696 -3.012600 0.000000 0.000000 0.000000 1.000000
0.989610 0.143436 0.009942 0.438000 -0.143656 0.983510 0.109870 -32.635700 0.005981 -0.110157 0.993896 -3.012600 0.000000 0.000000 0.000000 1.000000
0.979787 0.199478 0.015059 0.438000 -0.200044 0.976731 0.077328 -32.635700 0.000717 -0.078777 0.996892 -3.012600 0.000000 0.000000 0.000000 1.000000</float_array><technique_common><accessor source="#LeftFoot-Matrix-animation-output-transform-array" count="37" stride="16"><param type="float4x4"/></accessor></technique_common></source><source id="LeftFoot-Interpolations"><Name_array id="LeftFoot-Interpolations-array" count="37">
 LINEAR LINEAR LINEAR LINEAR LINEAR LINEAR LINEAR LINEAR LINEAR LINEAR LINEAR
LINEAR LINEAR LINEAR LINEAR LINEAR LINEAR LINEAR LINEAR LINEAR LINEAR LINEAR LINEAR
LINEAR LINEAR LINEAR LINEAR LINEAR LINEAR LINEAR LINEAR LINEAR LINEAR LINEAR LINEAR
LINEAR LINEAR</Name_array><technique_common><accessor source="#LeftFoot-Interpolations-array" count="37"><param type="name"/></accessor></technique_common></source><sampler id="LeftFoot-Matrix-animation-transform"><input semantic="INPUT" source="#LeftFoot-Matrix-animation-input"/><input semantic="OUTPUT" source="#LeftFoot-Matrix-animation-output-transform"/><input semantic="INTERPOLATION" source="#LeftFoot-Interpolations"/></sampler><channel source="#LeftFoot-Matrix-animation-transform" target="LeftFoot/matrix"/></animation>
    <animation id="RightUpLeg-anim" name="RightUpLeg"><source id="RightUpLeg-Matrix-animation-input"><float_array id="RightUpLeg-Matrix-animation-input-array" count="37">

0.000000 0.033333 0.066667 0.100000 0.133333 0.166667 0.200000 0.233333 0.266667 0.300000 0.333333 0.366667 0.400000 0.433333 0.466667 0.500000
0.533333 0.566667 0.600000 0.633333 0.666667 0.700000 0.733333 0.766667 0.800000 0.833333 0.866667 0.900000 0.933333 0.966667 1.000000 1.033333
1.066667 1.100000 1.133333 1.166667 1.200000</float_array><technique_common><accessor source="#RightUpLeg-Matrix-animation-input-array" count="37"><param name="TIME" type="float"/></accessor></technique_common></source><source id="RightUpLeg-Matrix-animation-output-transform"><float_array id="RightUpLeg-Matrix-animation-output-transform-array" count="592">

0.996903 0.014309 -0.077325 -8.479700 -0.001493 0.986574 0.163305 -4.795500 0.078624 -0.162684 0.983541 -0.379100 0.000000 0.000000 0.000000 1.000000
0.996533 0.019588 -0.080858 -8.479700 -0.003476 0.980841 0.194776 -4.795500 0.083124 -0.193820 0.977509 -0.379100 0.000000 0.000000 0.000000 1.000000
0.996163 0.020833 -0.085004 -8.479700 -0.000465 0.972501 0.232896 -4.795500 0.087519 -0.231963 0.968779 -0.379100 0.000000 0.000000 0.000000 1.000000
0.995387 0.022882 -0.093176 -8.479700 0.003396 0.962134 0.272556 -4.795500 0.095884 -0.271615 0.957618 -0.379100 0.000000 0.000000 0.000000 1.000000
0.993782 0.031598 -0.106768 -8.479700 0.002779 0.951551 0.307478 -4.795500 0.111311 -0.305863 0.945546 -0.379100 0.000000 0.000000 0.000000 1.000000
0.991401 0.048879 -0.121387 -8.479700 -0.004780 0.940527 0.339685 -4.795500 0.130772 -0.336183 0.932673 -0.379100 0.000000 0.000000 0.000000 1.000000
0.988456 0.071357 -0.133652 -8.479700 -0.015922 0.926182 0.376740 -4.795500 0.150669 -0.370263 0.916626 -0.379100 0.000000 0.000000 0.000000 1.000000
0.985803 0.096571 -0.137352 -8.479700 -0.030827 0.908238 0.417317 -4.795500 0.165049 -0.407158 0.898321 -0.379100 0.000000 0.000000 0.000000 1.000000
0.983384 0.123342 -0.133205 -8.479700 -0.049969 0.889310 0.454566 -4.795500 0.174527 -0.440357 0.880696 -0.379100 0.000000 0.000000 0.000000 1.000000
0.980301 0.152113 -0.125984 -8.479700 -0.073814 0.873796 0.480657 -4.795500 0.183199 -0.461889 0.867811 -0.379100 0.000000 0.000000 0.000000 1.000000
0.976457 0.183943 -0.112683 -8.479700 -0.100356 0.849766 0.517519 -4.795500 0.190948 -0.494027 0.848220 -0.379100 0.000000 0.000000 0.000000 1.000000
0.972470 0.211670 -0.097455 -8.479700 -0.121081 0.816312 0.564778 -4.795500 0.199100 -0.537429 0.819469 -0.379100 0.000000 0.000000 0.000000 1.000000
0.969869 0.222727 -0.098729 -8.479700 -0.125812 0.804909 0.579908 -4.795500 0.208629 -0.550013 0.808678 -0.379100 0.000000 0.000000 0.000000 1.000000
