<?xml version="1.0" encoding="utf-8"?>
<COLLADA xmlns="http://www.collada.org/2005/11/COLLADASchema" version="1.4.1">
  <asset><contributor><author>Mixamo</author><authoring_tool>COLLADA Mixamo exporter</authoring_tool><comments></comments></contributor><created>2021-04-13T18:20:21Z</created><modified>2021-04-13T18:20:21Z</modified><revision></revision><title></title><unit meter="0.010000"/><up_axis>Y_UP</up_axis></asset>
  <library_animations>
    <animation id="Hips-anim" name="Hips"><source id="Hips-Matrix-animation-input"><float_array id="Hips-Matrix-animation-input-array" count="32">

0.000000 0.033333 0.066667 0.100000 0.133333 0.166667 0.200000 0.233333 0.266667 0.300000 0.333333 0.366667 0.400000 0.433333 0.466667 0.500000
0.533333 0.566667 0.600000 0.633333 0.666667 0.700000 0.733333 0.766667 0.800000 0.833333 0.866667 0.900000 0.933333 0.966667 1.000000 1.033333</float_array><technique_common><accessor source="#Hips-Matrix-animation-input-array" count="32"><param name="TIME" type="float"/></accessor></technique_common></source><source id="Hips-Matrix-animation-output-transform"><float_array id="Hips-Matrix-animation-output-transform-array" count="512">

0.998006 0.041086 0.047911 -0.087727 -0.040274 0.999030 -0.017790 80.917534 -0.048595 0.015825 0.998693 0.481289 0.000000 0.000000 0.000000 1.000000
0.998991 0.038092 0.023807 -0.203161 -0.037673 0.999132 -0.017800 81.534798 -0.024464 0.016885 0.999558 0.282004 0.000000 0.000000 0.000000 1.000000
0.999253 0.038452 0.003738 -0.290922 -0.038389 0.999141 -0.015591 81.699074 -0.004334 0.015436 0.999871 -0.027329 0.000000 0.000000 0.000000 1.000000
0.999198 0.038667 -0.010387 -0.322180 -0.038791 0.999175 -0.012018 81.471069 0.009913 0.012411 0.999874 -0.195577 0.000000 0.000000 0.000000 1.000000
0.999115 0.036558 -0.020806 -0.344132 -0.036775 0.999272 -0.010125 80.951935 0.020420 0.010881 0.999732 -0.518429 0.000000 0.000000 0.000000 1.000000
0.998950 0.033125 -0.031660 -0.309505 -0.033500 0.999374 -0.011395 80.241974 0.031263 0.012444 0.999434 -0.883503 0.000000 0.000000 0.000000 1.000000
0.998487 0.031788 -0.044874 -0.186210 -0.032421 0.999384 -0.013449 79.389008 0.044419 0.014884 0.998902 -1.065726 0.000000 0.000000 0.000000 1.000000
0.997815 0.031394 -0.058140 0.036651 -0.032212 0.999394 -0.013181 78.391090 0.057691 0.015025 0.998221 -0.839097 0.000000 0.000000 0.000000 1.000000
0.997252 0.028768 -0.068266 0.448447 -0.029671 0.999485 -0.012238 77.274193 0.067879 0.014229 0.997592 -0.095065 0.000000 0.000000 0.000000 1.000000
0.997044 0.020986 -0.073907 0.856982 -0.022214 0.999628 -0.015833 76.563675 0.073548 0.017428 0.997139 0.754642 0.000000 0.000000 0.000000 1.000000
0.997227 0.007558 -0.074037 1.292502 -0.009349 0.999671 -0.023870 76.056374 0.073832 0.024496 0.996970 1.179251 0.000000 0.000000 0.000000 1.000000
0.997675 -0.006557 -0.067833 1.675797 0.004605 0.999572 -0.028888 75.861740 0.067994 0.028509 0.997278 1.180020 0.000000 0.000000 0.000000 1.000000
0.998141 -0.014095 -0.059288 2.073260 0.012554 0.999576 -0.026287 76.558128 0.059633 0.025494 0.997895 1.103094 0.000000 0.000000 0.000000 1.000000
0.998632 -0.012381 -0.050809 2.414151 0.011392 0.999741 -0.019716 77.931534 0.051040 0.019111 0.998514 1.059362 0.000000 0.000000 0.000000 1.000000
0.999297 -0.003088 -0.037370 2.636437 0.002530 0.999885 -0.014961 79.419525 0.037411 0.014856 0.999190 0.948004 0.000000 0.000000 0.000000 1.000000
0.999884 0.008621 -0.012590 2.824100 -0.008812 0.999846 -0.015173 80.816017 0.012458 0.015282 0.999806 0.927321 0.000000 0.000000 0.000000 1.000000
0.999671 0.014528 0.021120 2.953559 -0.014099 0.999695 -0.020288 81.714005 -0.021408 0.019983 0.999571 0.559958 0.000000 0.000000 0.000000 1.000000
0.998517 0.010919 0.053343 3.022443 -0.009489 0.999590 -0.026997 81.996826 -0.053616 0.026451 0.998211 0.062614 0.000000 0.000000 0.000000 1.000000
0.997127 0.001544 0.075737 3.060694 0.000838 0.999506 -0.031419 81.724388 -0.075748 0.031393 0.996633 -0.276807 0.000000 0.000000 0.000000 1.000000
0.996037 -0.007694 0.088604 3.108440 0.010614 0.999414 -0.032542 81.012047 -0.088302 0.033353 0.995535 -0.579536 0.000000 0.000000 0.000000 1.000000
0.995078 -0.014064 0.098093 3.116017 0.017297 0.999332 -0.032186 80.099342 -0.097575 0.033725 0.994657 -0.852596 0.000000 0.000000 0.000000 1.000000
0.993729 -0.019015 0.110190 3.072520 0.022724 0.999213 -0.032504 78.923080 -0.109485 0.034804 0.993379 -0.957473 0.000000 0.000000 0.000000 1.000000
0.991844 -0.021408 0.125651 2.928962 0.025920 0.999072 -0.034391 77.776657 -0.124798 0.037368 0.991478 -0.986330 0.000000 0.000000 0.000000 1.000000
0.990019 -0.018704 0.139686 2.578335 0.024265 0.998975 -0.038220 76.772491 -0.138828 0.041228 0.989458 -0.570030 0.000000 0.000000 0.000000 1.000000
0.989317 -0.008272 0.145545 2.138119 0.014942 0.998885 -0.044793 76.269295 -0.145012 0.046490 0.988337 0.069796 0.000000 0.000000 0.000000 1.000000
0.989847 0.011860 0.141638 1.665821 -0.004352 0.998574 -0.053199 76.008148 -0.142067 0.052042 0.988488 0.298469 0.000000 0.000000 0.000000 1.000000
0.990705 0.034426 0.131599 1.236977 -0.026916 0.997929 -0.058429 76.252640 -0.133338 0.054344 0.989580 0.323497 0.000000 0.000000 0.000000 1.000000
0.990814 0.054852 0.123607 0.736301 -0.048337 0.997310 -0.055106 76.712776 -0.126297 0.048625 0.990800 0.114518 0.000000 0.000000 0.000000 1.000000
0.991228 0.062799 0.116287 0.421264 -0.058047 0.997352 -0.043809 77.731728 -0.118730 0.036674 0.992249 0.051776 0.000000 0.000000 0.000000 1.000000
0.993024 0.058049 0.102630 0.203154 -0.055159 0.998003 -0.030781 78.993553 -0.104212 0.024905 0.994243 0.318237 0.000000 0.000000 0.000000 1.000000
0.995668 0.048704 0.079198 0.039536 -0.047129 0.998654 -0.021637 80.103500 -0.080145 0.017810 0.996624 0.558008 0.000000 0.000000 0.000000 1.000000
0.998006 0.041086 0.047911 -0.087726 -0.040274 0.999030 -0.017790 80.917534 -0.048595 0.015825 0.998693 0.481291 0.000000 0.000000 0.000000 1.000000</float_array><technique_common><accessor source="#Hips-Matrix-animation-output-transform-array" count="32" stride="16"><param type="float4x4"/></accessor></technique_common></source><source id="Hips-Interpolations"><Name_array id="Hips-Interpolations-array" count="32">
 LINEAR LINEAR LINEAR LINEAR LINEAR LINEAR LINEAR LINEAR LINEAR LINEAR LINEAR
LINEAR LINEAR LINEAR LINEAR LINEAR LINEAR LINEAR LINEAR LINEAR LINEAR LINEAR LINEAR
LINEAR LINEAR LINEAR LINEAR LINEAR LINEAR LINEAR LINEAR LINEAR</Name_array><technique_common><accessor source="#Hips-Interpolations-array" count="32"><param type="name"/></accessor></technique_common></source><sampler id="Hips-Matrix-animation-transform"><input semantic="INPUT" source="#Hips-Matrix-animation-input"/><input semantic="OUTPUT" source="#Hips-Matrix-animation-output-transform"/><input semantic="INTERPOLATION" source="#Hips-Interpolations"/></sampler><channel source="#Hips-Matrix-animation-transform" target="Hips/matrix"/></animation>
    <animation id="Pelvis-anim" name="Pelvis"><source id="Pelvis-Matrix-animation-input"><float_array id="Pelvis-Matrix-animation-input-array" count="32">

0.000000 0.033333 0.066667 0.100000 0.133333 0.166667 0.200000 0.233333 0.266667 0.300000 0.333333 0.366667 0.400000 0.433333 0.466667 0.500000
0.533333 0.566667 0.600000 0.633333 0.666667 0.700000 0.733333 0.766667 0.800000 0.833333 0.866667 0.900000 0.933333 0.966667 1.000000 1.033333</float_array><technique_common><accessor source="#Pelvis-Matrix-animation-input-array" count="32"><param name="TIME" type="float"/></accessor></technique_common></source><source id="Pelvis-Matrix-animation-output-transform"><float_array id="Pelvis-Matrix-animation-output-transform-array" count="512">

1.000000 0.000000 0.000000 0.000000 0.000000 1.000000 -0.000000 0.000000 0.000000 0.000000 1.000000 0.000000 0.000000 0.000000 0.000000 1.000000
1.000000 -0.000000 0.000000 0.000000 -0.000000 1.000000 -0.000000 0.000000 0.000000 0.000000 1.000000 0.000000 0.000000 0.000000 0.000000 1.000000
1.000000 -0.000000 0.000000 0.000000 -0.000000 1.000000 -0.000000 0.000000 0.000000 0.000000 1.000000 0.000000 0.000000 0.000000 0.000000 1.000000
1.000000 -0.000000 0.000000 0.000000 -0.000000 1.000000 -0.000000 0.000000 -0.000000 0.000000 1.000000 0.000000 0.000000 0.000000 0.000000 1.000000
1.000000 0.000000 0.000000 0.000000 -0.000000 1.000000 0.000000 0.000000 0.000000 0.000000 1.000000 0.000000 0.000000 0.000000 0.000000 1.000000
1.000000 -0.000000 0.000000 0.000000 -0.000000 1.000000 0.000000 0.000000 0.000000 0.000000 1.000000 0.000000 0.000000 0.000000 0.000000 1.000000
1.000000 -0.000000 0.000000 0.000000 0.000000 1.000000 0.000000 0.000000 0.000000 0.000000 1.000000 0.000000 0.000000 0.000000 0.000000 1.000000
1.000000 -0.000000 -0.000000 0.000000 0.000000 1.000000 0.000000 0.000000 0.000000 0.000000 1.000000 0.000000 0.000000 0.000000 0.000000 1.000000
1.000000 0.000000 0.000000 0.000000 0.000000 1.000000 0.000000 0.000000 0.000000 0.000000 1.000000 0.000000 0.000000 0.000000 0.000000 1.000000
1.000000 0.000000 0.000000 0.000000 -0.000000 1.000000 0.000000 0.000000 0.000000 0.000000 1.000000 0.000000 0.000000 0.000000 0.000000 1.000000
1.000000 -0.000000 -0.000000 0.000000 -0.000000 1.000000 0.000000 0.000000 0.000000 -0.000000 1.000000 0.000000 0.000000 0.000000 0.000000 1.000000
1.000000 -0.000000 0.000000 0.000000 0.000000 1.000000 -0.000000 0.000000 0.000000 0.000000 1.000000 0.000000 0.000000 0.000000 0.000000 1.000000
1.000000 -0.000000 -0.000000 0.000000 0.000000 1.000000 0.000000 0.000000 0.000000 0.000000 1.000000 0.000000 0.000000 0.000000 0.000000 1.000000
1.000000 0.000000 0.000000 0.000000 -0.000000 1.000000 0.000000 0.000000 0.000000 0.000000 1.000000 0.000000 0.000000 0.000000 0.000000 1.000000
1.000000 -0.000000 0.000000 0.000000 0.000000 1.000000 -0.000000 0.000000 0.000000 -0.000000 1.000000 0.000000 0.000000 0.000000 0.000000 1.000000
1.000000 0.000000 0.000000 0.000000 -0.000000 1.000000 -0.000000 0.000000 0.000000 0.000000 1.000000 0.000000 0.000000 0.000000 0.000000 1.000000
1.000000 0.000000 -0.000000 0.000000 0.000000 1.000000 0.000000 0.000000 0.000000 -0.000000 1.000000 0.000000 0.000000 0.000000 0.000000 1.000000
1.000000 0.000000 -0.000000 0.000000 -0.000000 1.000000 0.000000 0.000000 0.000000 0.000000 1.000000 0.000000 0.000000 0.000000 0.000000 1.000000
1.000000 0.000000 -0.000000 0.000000 -0.000000 1.000000 0.000000 0.000000 0.000000 0.000000 1.000000 0.000000 0.000000 0.000000 0.000000 1.000000
1.000000 0.000000 0.000000 0.000000 -0.000000 1.000000 0.000000 0.000000 0.000000 0.000000 1.000000 0.000000 0.000000 0.000000 0.000000 1.000000
1.000000 -0.000000 0.000000 0.000000 -0.000000 1.000000 0.000000 0.000000 -0.000000 0.000000 1.000000 0.000000 0.000000 0.000000 0.000000 1.000000
1.000000 0.000000 0.000000 0.000000 0.000000 1.000000 0.000000 0.000000 0.000000 -0.000000 1.000000 0.000000 0.000000 0.000000 0.000000 1.000000
1.000000 -0.000000 0.000000 0.000000 -0.000000 1.000000 0.000000 0.000000 0.000000 0.000000 1.000000 0.000000 0.000000 0.000000 0.000000 1.000000
1.000000 0.000000 0.000000 0.000000 -0.000000 1.000000 0.000000 0.000000 -0.000000 0.000000 1.000000 0.000000 0.000000 0.000000 0.000000 1.000000
1.000000 0.000000 0.000000 0.000000 0.000000 1.000000 -0.000000 0.000000 -0.000000 -0.000000 1.000000 0.000000 0.000000 0.000000 0.000000 1.000000
1.000000 0.000000 0.000000 0.000000 0.000000 1.000000 0.000000 0.000000 0.000000 -0.000000 1.000000 0.000000 0.000000 0.000000 0.000000 1.000000
1.000000 -0.000000 0.000000 0.000000 -0.000000 1.000000 0.000000 0.000000 0.000000 -0.000000 1.000000 0.000000 0.000000 0.000000 0.000000 1.000000
1.000000 -0.000000 -0.000000 0.000000 0.000000 1.000000 0.000000 0.000000 -0.000000 0.000000 1.000000 0.000000 0.000000 0.000000 0.000000 1.000000
1.000000 -0.000000 -0.000000 0.000000 -0.000000 1.000000 0.000000 0.000000 0.000000 0.000000 1.000000 0.000000 0.000000 0.000000 0.000000 1.000000
1.000000 0.000000 -0.000000 0.000000 -0.000000 1.000000 0.000000 0.000000 -0.000000 0.000000 1.000000 0.000000 0.000000 0.000000 0.000000 1.000000
1.000000 -0.000000 -0.000000 0.000000 0.000000 1.000000 -0.000000 0.000000 -0.000000 0.000000 1.000000 0.000000 0.000000 0.000000 0.000000 1.000000
1.000000 -0.000000 -0.000000 0.000000 -0.000000 1.000000 0.000000 0.000000 0.000000 0.000000 1.000000 0.000000 0.000000 0.000000 0.000000 1.000000</float_array><technique_common><accessor source="#Pelvis-Matrix-animation-output-transform-array" count="32" stride="16"><param type="float4x4"/></accessor></technique_common></source><source id="Pelvis-Interpolations"><Name_array id="Pelvis-Interpolations-array" count="32">
 LINEAR LINEAR LINEAR LINEAR LINEAR LINEAR LINEAR LINEAR LINEAR LINEAR LINEAR
LINEAR LINEAR LINEAR LINEAR LINEAR LINEAR LINEAR LINEAR LINEAR LINEAR LINEAR LINEAR
LINEAR LINEAR LINEAR LINEAR LINEAR LINEAR LINEAR LINEAR LINEAR</Name_array><technique_common><accessor source="#Pelvis-Interpolations-array" count="32"><param type="name"/></accessor></technique_common></source><sampler id="Pelvis-Matrix-animation-transform"><input semantic="INPUT" source="#Pelvis-Matrix-animation-input"/><input semantic="OUTPUT" source="#Pelvis-Matrix-animation-output-transform"/><input semantic="INTERPOLATION" source="#Pelvis-Interpolations"/></sampler><channel source="#Pelvis-Matrix-animation-transform" target="Pelvis/matrix"/></animation>
    <animation id="LeftUpLeg-anim" name="LeftUpLeg"><source id="LeftUpLeg-Matrix-animation-input"><float_array id="LeftUpLeg-Matrix-animation-input-array" count="32">

0.000000 0.033333 0.066667 0.100000 0.133333 0.166667 0.200000 0.233333 0.266667 0.300000 0.333333 0.366667 0.400000 0.433333 0.466667 0.500000
0.533333 0.566667 0.600000 0.633333 0.666667 0.700000 0.733333 0.766667 0.800000 0.833333 0.866667 0.900000 0.933333 0.966667 1.000000 1.033333</float_array><technique_common><accessor source="#LeftUpLeg-Matrix-animation-input-array" count="32"><param name="TIME" type="float"/></accessor></technique_common></source><source id="LeftUpLeg-Matrix-animation-output-transform"><float_array id="LeftUpLeg-Matrix-animation-output-transform-array" count="512">

0.989076 -0.120097 0.085475 8.479700 0.062436 0.866582 0.495114 -4.795500 -0.133532 -0.484369 0.864613 -0.379100 0.000000 0.000000 0.000000 1.000000
0.990064 -0.110365 0.087135 8.479700 0.046643 0.842336 0.536930 -4.795500 -0.132655 -0.527531 0.839115 -0.379100 0.000000 0.000000 0.000000 1.000000
0.992049 -0.097465 0.079616 8.479700 0.037009 0.830592 0.555651 -4.795500 -0.120284 -0.548287 0.827595 -0.379100 0.000000 0.000000 0.000000 1.000000
0.993679 -0.085075 0.073242 8.479700 0.028808 0.823834 0.566099 -4.795500 -0.108500 -0.560411 0.821077 -0.379100 0.000000 0.000000 0.000000 1.000000
0.994670 -0.073132 0.072690 8.479700 0.017639 0.815250 0.578840 -4.795500 -0.101593 -0.574472 0.812195 -0.379100 0.000000 0.000000 0.000000 1.000000
0.996124 -0.060426 0.063926 8.479700 0.009759 0.798149 0.602381 -4.795500 -0.087422 -0.599422 0.795645 -0.379100 0.000000 0.000000 0.000000 1.000000
0.997051 -0.055416 0.053086 8.479700 0.008108 0.763962 0.645211 -4.795500 -0.076310 -0.642878 0.762158 -0.379100 0.000000 0.000000 0.000000 1.000000
0.996408 -0.058004 0.061706 8.479700 0.002147 0.745693 0.666287 -4.795500 -0.084661 -0.663761 0.743138 -0.379100 0.000000 0.000000 0.000000 1.000000
0.995007 -0.054030 0.083918 8.479700 -0.013916 0.757490 0.652699 -4.795500 -0.098832 -0.650607 0.752956 -0.379100 0.000000 0.000000 0.000000 1.000000
0.994373 -0.052581 0.091970 8.479700 -0.021177 0.751956 0.658873 -4.795500 -0.103802 -0.657113 0.746611 -0.379100 0.000000 0.000000 0.000000 1.000000
0.995101 -0.036931 0.091711 8.479700 -0.031901 0.758062 0.651402 -4.795500 -0.093579 -0.651136 0.753170 -0.379100 0.000000 0.000000 0.000000 1.000000
0.995516 -0.018399 0.092790 8.479700 -0.046626 0.758036 0.650544 -4.795500 -0.082307 -0.651954 0.753779 -0.379100 0.000000 0.000000 0.000000 1.000000
0.995211 0.003382 0.097689 8.479700 -0.061849 0.795685 0.602545 -4.795500 -0.075692 -0.605701 0.792084 -0.379100 0.000000 0.000000 0.000000 1.000000
0.994335 0.016986 0.104927 8.479700 -0.068960 0.854294 0.515195 -4.795500 -0.080887 -0.519512 0.850626 -0.379100 0.000000 0.000000 0.000000 1.000000
0.991732 0.015741 0.127358 8.479700 -0.066909 0.910296 0.408514 -4.795500 -0.109504 -0.413658 0.903823 -0.379100 0.000000 0.000000 0.000000 1.000000
0.988506 0.015009 0.150432 8.479700 -0.058621 0.955262 0.289894 -4.795500 -0.139351 -0.295381 0.945162 -0.379100 0.000000 0.000000 0.000000 1.000000
0.986867 0.016008 0.160739 8.479700 -0.046702 0.980857 0.189048 -4.795500 -0.154635 -0.194072 0.968723 -0.379100 0.000000 0.000000 0.000000 1.000000
0.984626 0.016997 0.173846 8.479700 -0.033832 0.994965 0.094338 -4.795500 -0.171367 -0.098769 0.980244 -0.379100 0.000000 0.000000 0.000000 1.000000
0.981535 0.022584 0.189946 8.479700 -0.022468 0.999744 -0.002764 -4.795500 -0.189960 -0.001554 0.981791 -0.379100 0.000000 0.000000 0.000000 1.000000
0.977656 0.020037 0.209256 8.479700 -0.004539 0.997227 -0.074280 -4.795500 -0.210164 0.071671 0.975035 -0.379100 0.000000 0.000000 0.000000 1.000000
0.974900 0.005157 0.222585 8.479700 0.016607 0.995262 -0.095797 -4.795500 -0.222024 0.097089 0.970195 -0.379100 0.000000 0.000000 0.000000 1.000000
0.976669 -0.010381 0.214500 8.479700 0.031684 0.994866 -0.096118 -4.795500 -0.212401 0.100672 0.971983 -0.379100 0.000000 0.000000 0.000000 1.000000
0.979119 -0.017391 0.202543 8.479700 0.039190 0.993792 -0.104120 -4.795500 -0.199475 0.109883 0.973722 -0.379100 0.000000 0.000000 0.000000 1.000000
0.976134 -0.026547 0.215543 8.479700 0.059338 0.987337 -0.147123 -4.795500 -0.208907 0.156402 0.965348 -0.379100 0.000000 0.000000 0.000000 1.000000
0.976606 -0.040771 0.211136 8.479700 0.079763 0.980500 -0.179605 -4.795500 -0.199696 0.192244 0.960814 -0.379100 0.000000 0.000000 0.000000 1.000000
0.977583 -0.071566 0.198014 8.479700 0.084465 0.994768 -0.057467 -4.795500 -0.192866 0.072904 0.978513 -0.379100 0.000000 0.000000 0.000000 1.000000
0.980503 -0.108143 0.164071 8.479700 0.102480 0.993822 0.042622 -4.795500 -0.167667 -0.024977 0.985527 -0.379100 0.000000 0.000000 0.000000 1.000000
0.980930 -0.133762 0.141007 8.479700 0.111277 0.981340 0.156810 -4.795500 -0.159351 -0.138129 0.977511 -0.379100 0.000000 0.000000 0.000000 1.000000
0.983988 -0.133745 0.117811 8.479700 0.099681 0.960905 0.258314 -4.795500 -0.147753 -0.242435 0.958851 -0.379100 0.000000 0.000000 0.000000 1.000000
0.988068 -0.119837 0.096755 8.479700 0.080031 0.936193 0.342253 -4.795500 -0.131596 -0.330426 0.934613 -0.379100 0.000000 0.000000 0.000000 1.000000
0.989593 -0.115269 0.086132 8.479700 0.069178 0.905973 0.417644 -4.795500 -0.126174 -0.407339 0.904519 -0.379100 0.000000 0.000000 0.000000 1.000000
0.989076 -0.120097 0.085475 8.479700 0.062436 0.866582 0.495113 -4.795500 -0.133532 -0.484368 0.864614 -0.379100 0.000000 0.000000 0.000000 1.000000</float_array><technique_common><accessor source="#LeftUpLeg-Matrix-animation-output-transform-array" count="32" stride="16"><param type="float4x4"/></accessor></technique_common></source><source id="LeftUpLeg-Interpolations"><Name_array id="LeftUpLeg-Interpolations-array" count="32">
 LINEAR LINEAR LINEAR LINEAR LINEAR LINEAR LINEAR LINEAR LINEAR LINEAR LINEAR
LINEAR LINEAR LINEAR LINEAR LINEAR LINEAR LINEAR LINEAR LINEAR LINEAR LINEAR LINEAR
LINEAR LINEAR LINEAR LINEAR LINEAR LINEAR LINEAR LINEAR LINEAR</Name_array><technique_common><accessor source="#LeftUpLeg-Interpolations-array" count="32"><param type="name"/></accessor></technique_common></source><sampler id="LeftUpLeg-Matrix-animation-transform"><input semantic="INPUT" source="#LeftUpLeg-Matrix-animation-input"/><input semantic="OUTPUT" source="#LeftUpLeg-Matrix-animation-output-transform"/><input semantic="INTERPOLATION" source="#LeftUpLeg-Interpolations"/></sampler><channel source="#LeftUpLeg-Matrix-animation-transform" target="LeftUpLeg/matrix"/></animation>
    <animation id="LeftLeg-anim" name="LeftLeg"><source id="LeftLeg-Matrix-animation-input"><float_array id="LeftLeg-Matrix-animation-input-array" count="32">

0.000000 0.033333 0.066667 0.100000 0.133333 0.166667 0.200000 0.233333 0.266667 0.300000 0.333333 0.366667 0.400000 0.433333 0.466667 0.500000
0.533333 0.566667 0.600000 0.633333 0.666667 0.700000 0.733333 0.766667 0.800000 0.833333 0.866667 0.900000 0.933333 0.966667 1.000000 1.033333</float_array><technique_common><accessor source="#LeftLeg-Matrix-animation-input-array" count="32"><param name="TIME" type="float"/></accessor></technique_common></source><source id="LeftLeg-Matrix-animation-output-transform"><float_array id="LeftLeg-Matrix-animation-output-transform-array" count="512">

0.999978 -0.005639 -0.003421 0.485100 -0.000492 0.453484 -0.891264 -32.551498 0.006577 0.891247 0.453471 0.112900 0.000000 0.000000 0.000000 1.000000
0.999483 0.006801 0.031409 0.485100 0.022260 0.558391 -0.829279 -32.551498 -0.023179 0.829550 0.557951 0.112900 0.000000 0.000000 0.000000 1.000000
0.997297 0.011242 0.072604 0.485100 0.044951 0.688296 -0.724036 -32.551498 -0.058113 0.725343 0.685931 0.112900 0.000000 0.000000 0.000000 1.000000
0.995523 0.010081 0.093982 0.485100 0.047283 0.807831 -0.587515 -32.551498 -0.081844 0.589329 0.803737 0.112900 0.000000 0.000000 0.000000 1.000000
0.996461 0.002031 0.084027 0.485100 0.034966 0.899081 -0.436385 -32.551498 -0.076434 0.437779 0.895828 0.112900 0.000000 0.000000 0.000000 1.000000
0.997668 -0.013676 0.066875 0.485100 0.034527 0.946254 -0.321576 -32.551498 -0.058883 0.323135 0.944519 0.112900 0.000000 0.000000 0.000000 1.000000
0.998413 -0.028301 0.048692 0.485100 0.042213 0.948363 -0.314365 -32.551498 -0.037281 0.315922 0.948052 0.112900 0.000000 0.000000 0.000000 1.000000
0.999501 -0.028650 0.013305 0.485100 0.031523 0.931810 -0.361576 -32.551498 -0.002038 0.361815 0.932248 0.112900 0.000000 0.000000 0.000000 1.000000
0.999467 -0.019742 -0.026012 0.485100 0.007750 0.917201 -0.398349 -32.551498 0.031723 0.397935 0.916865 0.112900 0.000000 0.000000 0.000000 1.000000
0.996897 -0.012838 -0.077665 0.485100 -0.025505 0.880714 -0.472961 -32.551498 0.074472 0.473475 0.877654 0.112900 0.000000 0.000000 0.000000 1.000000
0.998188 -0.005715 -0.059901 0.485100 -0.025921 0.857540 -0.513764 -32.551498 0.054304 0.514386 0.855838 0.112900 0.000000 0.000000 0.000000 1.000000
0.998930 -0.000378 -0.046239 0.485100 -0.028332 0.785276 -0.618497 -32.551498 0.036545 0.619146 0.784425 0.112900 0.000000 0.000000 0.000000 1.000000
0.998901 -0.003273 -0.046755 0.485100 -0.027711 0.763282 -0.645471 -32.551498 0.037800 0.646058 0.762352 0.112900 0.000000 0.000000 0.000000 1.000000
0.998260 -0.008934 -0.058280 0.485100 -0.028822 0.788373 -0.614521 -32.551498 0.051437 0.615132 0.786744 0.112900 0.000000 0.000000 0.000000 1.000000
0.995045 -0.013762 -0.098467 0.485100 -0.042837 0.834398 -0.549495 -32.551498 0.089723 0.550991 0.829674 0.112900 0.000000 0.000000 0.000000 1.000000
0.988580 -0.018278 -0.149581 0.485100 -0.052598 0.888337 -0.456169 -32.551498 0.141217 0.458828 0.877231 0.112900 0.000000 0.000000 0.000000 1.000000
0.980119 -0.018072 -0.197584 0.485100 -0.057451 0.927332 -0.369804 -32.551498 0.189909 0.373803 0.907858 0.112900 0.000000 0.000000 0.000000 1.000000
0.969157 -0.008252 -0.246305 0.485100 -0.064830 0.955702 -0.287109 -32.551498 0.237763 0.294222 0.925690 0.112900 0.000000 0.000000 0.000000 1.000000
0.955968 -0.000324 -0.293470 0.485100 -0.065328 0.974673 -0.213880 -32.551498 0.286107 0.223634 0.931735 0.112900 0.000000 0.000000 0.000000 1.000000
0.943261 0.010751 -0.331877 0.485100 -0.078934 0.978085 -0.192662 -32.551498 0.322533 0.207927 0.923439 0.112900 0.000000 0.000000 0.000000 1.000000
0.933702 0.018464 -0.357574 0.485100 -0.117842 0.958878 -0.258198 -32.551498 0.338102 0.283217 0.897483 0.112900 0.000000 0.000000 0.000000 1.000000
0.932590 0.016267 -0.360570 0.485100 -0.155256 0.919920 -0.360058 -32.551498 0.325839 0.391768 0.860434 0.112900 0.000000 0.000000 0.000000 1.000000
0.936167 -0.006409 -0.351497 0.485100 -0.159990 0.882530 -0.442203 -32.551498 0.313041 0.470212 0.825171 0.112900 0.000000 0.000000 0.000000 1.000000
0.932723 -0.038788 -0.358502 0.485100 -0.139811 0.877527 -0.458694 -32.551498 0.332387 0.477957 0.813066 0.112900 0.000000 0.000000 0.000000 1.000000
0.940058 -0.055773 -0.336422 0.485100 -0.111927 0.881420 -0.458880 -32.551498 0.322122 0.469029 0.822344 0.112900 0.000000 0.000000 0.000000 1.000000
0.961199 -0.075814 -0.265233 0.485100 -0.117582 0.757173 -0.642545 -32.551498 0.249541 0.648800 0.718880 0.112900 0.000000 0.000000 0.000000 1.000000
0.986841 -0.071354 -0.145101 0.485100 -0.065545 0.643813 -0.762370 -32.551498 0.147816 0.761848 0.630664 0.112900 0.000000 0.000000 0.000000 1.000000
0.996273 -0.061699 -0.060278 0.485100 -0.018406 0.530656 -0.847387 -32.551498 0.084270 0.845339 0.527543 0.112900 0.000000 0.000000 0.000000 1.000000
0.997235 -0.050659 -0.054371 0.485100 -0.026792 0.437357 -0.898889 -32.551498 0.069317 0.897860 0.434791 0.112900 0.000000 0.000000 0.000000 1.000000
0.997630 -0.037672 -0.057580 0.485100 -0.038017 0.395705 -0.917590 -32.551498 0.057352 0.917605 0.393335 0.112900 0.000000 0.000000 0.000000 1.000000
0.999331 -0.022814 -0.028571 0.485100 -0.016818 0.407021 -0.913264 -32.551498 0.032464 0.913134 0.406366 0.112900 0.000000 0.000000 0.000000 1.000000
0.999978 -0.005639 -0.003421 0.485100 -0.000492 0.453484 -0.891265 -32.551498 0.006577 0.891247 0.453471 0.112900 0.000000 0.000000 0.000000 1.000000</float_array><technique_common><accessor source="#LeftLeg-Matrix-animation-output-transform-array" count="32" stride="16"><param type="float4x4"/></accessor></technique_common></source><source id="LeftLeg-Interpolations"><Name_array id="LeftLeg-Interpolations-array" count="32">
 LINEAR LINEAR LINEAR LINEAR LINEAR LINEAR LINEAR LINEAR LINEAR LINEAR LINEAR
LINEAR LINEAR LINEAR LINEAR LINEAR LINEAR LINEAR LINEAR LINEAR LINEAR LINEAR LINEAR
LINEAR LINEAR LINEAR LINEAR LINEAR LINEAR LINEAR LINEAR LINEAR</Name_array><technique_common><accessor source="#LeftLeg-Interpolations-array" count="32"><param type="name"/></accessor></technique_common></source><sampler id="LeftLeg-Matrix-animation-transform"><input semantic="INPUT" source="#LeftLeg-Matrix-animation-input"/><input semantic="OUTPUT" source="#LeftLeg-Matrix-animation-output-transform"/><input semantic="INTERPOLATION" source="#LeftLeg-Interpolations"/></sampler><channel source="#LeftLeg-Matrix-animation-transform" target="LeftLeg/matrix"/></animation>
    <animation id="LeftFoot-anim" name="LeftFoot"><source id="LeftFoot-Matrix-animation-input"><float_array id="LeftFoot-Matrix-animation-input-array" count="32">

0.000000 0.033333 0.066667 0.100000 0.133333 0.166667 0.200000 0.233333 0.266667 0.300000 0.333333 0.366667 0.400000 0.433333 0.466667 0.500000
0.533333 0.566667 0.600000 0.633333 0.666667 0.700000 0.733333 0.766667 0.800000 0.833333 0.866667 0.900000 0.933333 0.966667 1.000000 1.033333</float_array><technique_common><accessor source="#LeftFoot-Matrix-animation-input-array" count="32"><param name="TIME" type="float"/></accessor></technique_common></source><source id="LeftFoot-Matrix-animation-output-transform"><float_array id="LeftFoot-Matrix-animation-output-transform-array" count="512">

0.999915 0.011017 0.007040 0.438000 -0.010577 0.998156 -0.059771 -32.635700 -0.007685 0.059691 0.998187 -3.012600 0.000000 0.000000 0.000000 1.000000
0.999977 0.000292 0.006755 0.438000 -0.000294 1.000000 0.000278 -32.635700 -0.006755 -0.000280 0.999977 -3.012600 0.000000 0.000000 0.000000 1.000000
0.999883 -0.014408 0.005148 0.438000 0.014126 0.998592 0.051136 -32.635700 -0.005877 -0.051057 0.998678 -3.012600 0.000000 0.000000 0.000000 1.000000
0.999305 -0.037117 0.003369 0.438000 0.036783 0.996784 0.071191 -32.635700 -0.006000 -0.071018 0.997457 -3.012600 0.000000 0.000000 0.000000 1.000000
0.998645 -0.051887 0.003885 0.438000 0.051703 0.997943 0.037914 -32.635700 -0.005844 -0.037661 0.999273 -3.012600 0.000000 0.000000 0.000000 1.000000
0.999369 -0.035096 0.005448 0.438000 0.035000 0.999244 0.016906 -32.635700 -0.006037 -0.016705 0.999842 -3.012600 0.000000 0.000000 0.000000 1.000000
0.999974 -0.004607 0.005572 0.438000 0.004280 0.998340 0.057428 -32.635700 -0.005827 -0.057403 0.998334 -3.012600 0.000000 0.000000 0.000000 1.000000
0.999970 0.004799 0.006020 0.438000 -0.005555 0.991163 0.132531 -32.635700 -0.005330 -0.132561 0.991161 -3.012600 0.000000 0.000000 0.000000 1.000000
0.999424 -0.033889 0.001816 0.438000 0.033296 0.989475 0.140822 -32.635700 -0.006569 -0.140680 0.990033 -3.012600 0.000000 0.000000 0.000000 1.000000
0.999882 -0.014518 0.005066 0.438000 0.014383 0.999562 0.025867 -32.635700 -0.005439 -0.025791 0.999653 -3.012600 0.000000 0.000000 0.000000 1.000000
0.999673 -0.024729 0.006455 0.438000 0.025351 0.991508 -0.127553 -32.635700 -0.003246 0.127675 0.991811 -3.012600 0.000000 0.000000 0.000000 1.000000
0.999239 -0.038617 0.005467 0.438000 0.038694 0.999142 -0.014733 -32.635700 -0.004893 0.014933 0.999877 -3.012600 0.000000 0.000000 0.000000 1.000000
0.998851 -0.047744 0.004067 0.438000 0.047285 0.995868 0.077528 -32.635700 -0.007752 -0.077247 0.996982 -3.012600 0.000000 0.000000 0.000000 1.000000
0.998475 -0.055147 0.002413 0.438000 0.054313 0.989306 0.135365 -32.635700 -0.009852 -0.135028 0.990793 -3.012600 0.000000 0.000000 0.000000 1.000000
0.997804 -0.066235 0.000284 0.438000 0.065225 0.983311 0.169838 -32.635700 -0.011529 -0.169446 0.985472 -3.012600 0.000000 0.000000 0.000000 1.000000
0.996187 -0.087175 -0.003511 0.438000 0.086283 0.978432 0.187684 -32.635700 -0.012926 -0.187271 0.982223 -3.012600 0.000000 0.000000 0.000000 1.000000
0.995512 -0.094548 -0.004059 0.438000 0.093630 0.977805 0.187433 -32.635700 -0.013753 -0.186972 0.982269 -3.012600 0.000000 0.000000 0.000000 1.000000
0.995508 -0.094632 -0.002907 0.438000 0.093390 0.976471 0.194378 -32.635700 -0.015556 -0.193776 0.980922 -3.012600 0.000000 0.000000 0.000000 1.000000
0.994660 -0.103162 -0.003118 0.438000 0.101310 0.970139 0.220380 -32.635700 -0.019710 -0.219519 0.975409 -3.012600 0.000000 0.000000 0.000000 1.000000
0.993658 -0.112391 -0.003373 0.438000 0.109487 0.960290 0.256622 -32.635700 -0.025603 -0.255364 0.966506 -3.012600 0.000000 0.000000 0.000000 1.000000
0.991509 -0.129898 -0.006019 0.438000 0.126049 0.948698 0.289973 -32.635700 -0.031956 -0.288270 0.957016 -3.012600 0.000000 0.000000 0.000000 1.000000
0.989333 -0.145434 -0.008362 0.438000 0.140961 0.941265 0.306839 -32.635700 -0.036754 -0.304744 0.951725 -3.012600 0.000000 0.000000 0.000000 1.000000
0.989840 -0.142091 -0.005175 0.438000 0.137598 0.948104 0.286646 -32.635700 -0.035823 -0.284445 0.958023 -3.012600 0.000000 0.000000 0.000000 1.000000
0.992151 -0.125041 -0.000834 0.438000 0.121615 0.963372 0.239007 -32.635700 -0.029082 -0.237232 0.971018 -3.012600 0.000000 0.000000 0.000000 1.000000
0.993826 -0.110939 0.001795 0.438000 0.109752 0.985308 0.130851 -32.635700 -0.016285 -0.129846 0.991400 -3.012600 0.000000 0.000000 0.000000 1.000000
0.990536 -0.137107 0.006323 0.438000 0.136983 0.984652 -0.108147 -32.635700 0.008602 0.107989 0.994115 -3.012600 0.000000 0.000000 0.000000 1.000000
0.995191 -0.097892 0.003603 0.438000 0.095792 0.964830 -0.244799 -32.635700 0.020488 0.243967 0.969567 -3.012600 0.000000 0.000000 0.000000 1.000000
0.985837 -0.165658 0.026148 0.438000 0.161781 0.898276 -0.408568 -32.635700 0.044194 0.407011 0.912353 -3.012600 0.000000 0.000000 0.000000 1.000000
0.972841 -0.227657 0.041857 0.438000 0.224874 0.886663 -0.404055 -32.635700 0.054873 0.402494 0.913776 -3.012600 0.000000 0.000000 0.000000 1.000000
0.975731 -0.217193 0.027852 0.438000 0.216181 0.935234 -0.280364 -32.635700 0.034845 0.279581 0.959490 -3.012600 0.000000 0.000000 0.000000 1.000000
0.993797 -0.110697 0.010685 0.438000 0.111024 0.981959 -0.153067 -32.635700 0.006452 0.153304 0.988158 -3.012600 0.000000 0.000000 0.000000 1.000000
0.999915 0.011017 0.007040 0.438000 -0.010577 0.998156 -0.059769 -32.635700 -0.007685 0.059690 0.998187 -3.012600 0.000000 0.000000 0.000000 1.000000</float_array><technique_common><accessor source="#LeftFoot-Matrix-animation-output-transform-array" count="32" stride="16"><param type="float4x4"/></accessor></technique_common></source><source id="LeftFoot-Interpolations"><Name_array id="LeftFoot-Interpolations-array" count="32">
 LINEAR LINEAR LINEAR LINEAR LINEAR LINEAR LINEAR LINEAR LINEAR LINEAR LINEAR
LINEAR LINEAR LINEAR LINEAR LINEAR LINEAR LINEAR LINEAR LINEAR LINEAR LINEAR LINEAR
LINEAR LINEAR LINEAR LINEAR LINEAR LINEAR LINEAR LINEAR LINEAR</Name_array><technique_common><accessor source="#LeftFoot-Interpolations-array" count="32"><param type="name"/></accessor></technique_common></source><sampler id="LeftFoot-Matrix-animation-transform"><input semantic="INPUT" source="#LeftFoot-Matrix-animation-input"/><input semantic="OUTPUT" source="#LeftFoot-Matrix-animation-output-transform"/><input semantic="INTERPOLATION" source="#LeftFoot-Interpolations"/></sampler><channel source="#LeftFoot-Matrix-animation-transform" target="LeftFoot/matrix"/></animation>
    <animation id="RightUpLeg-anim" name="RightUpLeg"><source id="RightUpLeg-Matrix-animation-input"><float_array id="RightUpLeg-Matrix-animation-input-array" count="32">

0.000000 0.033333 0.066667 0.100000 0.133333 0.166667 0.200000 0.233333 0.266667 0.300000 0.333333 0.366667 0.400000 0.433333 0.466667 0.500000
0.533333 0.566667 0.600000 0.633333 0.666667 0.700000 0.733333 0.766667 0.800000 0.833333 0.866667 0.900000 0.933333 0.966667 1.000000 1.033333</float_array><technique_common><accessor source="#RightUpLeg-Matrix-animation-input-array" count="32"><param name="TIME" type="float"/></accessor></technique_common></source><source id="RightUpLeg-Matrix-animation-output-transform"><float_array id="RightUpLeg-Matrix-animation-output-transform-array" count="512">

0.984343 -0.075425 -0.159310 -8.479700 0.112215 0.965152 0.236407 -4.795500 0.135927 -0.250583 0.958505 -0.379100 0.000000 0.000000 0.000000 1.000000
0.982433 -0.079440 -0.168863 -8.479700 0.105485 0.982837 0.151339 -4.795500 0.153943 -0.166493 0.973952 -0.379100 0.000000 0.000000 0.000000 1.000000
0.980844 -0.078408 -0.178317 -8.479700 0.092986 0.992846 0.074907 -4.795500 0.171168 -0.090053 0.981118 -0.379100 0.000000 0.000000 0.000000 1.000000
0.978953 -0.070083 -0.191677 -8.479700 0.071346 0.997452 -0.000314 -4.795500 0.191210 -0.013368 0.981458 -0.379100 0.000000 0.000000 0.000000 1.000000
0.978130 -0.057579 -0.199865 -8.479700 0.045984 0.997005 -0.062186 -4.795500 0.202847 0.051635 0.977848 -0.379100 0.000000 0.000000 0.000000 1.000000
0.977007 -0.039676 -0.209481 -8.479700 0.019510 0.995047 -0.097473 -4.795500 0.212311 0.091145 0.972942 -0.379100 0.000000 0.000000 0.000000 1.000000
0.975612 -0.024234 -0.218161 -8.479700 -0.003784 0.991882 -0.127104 -4.795500 0.219470 0.124830 0.967600 -0.379100 0.000000 0.000000 0.000000 1.000000
0.973913 -0.010270 -0.226691 -8.479700 -0.025721 0.987541 -0.155244 -4.795500 0.225461 0.157024 0.961515 -0.379100 0.000000 0.000000 0.000000 1.000000
0.972567 0.005585 -0.232558 -8.479700 -0.048360 0.982725 -0.178640 -4.795500 0.227543 0.184985 0.956036 -0.379100 0.000000 0.000000 0.000000 1.000000
0.972104 0.018435 -0.233825 -8.479700 -0.064757 0.979252 -0.192018 -4.795500 0.225434 0.201804 0.953129 -0.379100 0.000000 0.000000 0.000000 1.000000
0.973323 0.042008 -0.225560 -8.479700 -0.080263 0.983321 -0.163212 -4.795500 0.214942 0.176962 0.960461 -0.379100 0.000000 0.000000 0.000000 1.000000
0.979032 0.061215 -0.194292 -8.479700 -0.085639 0.989085 -0.119904 -4.795500 0.184832 0.134028 0.973588 -0.379100 0.000000 0.000000 0.000000 1.000000
0.981659 0.075242 -0.175171 -8.479700 -0.078310 0.996872 -0.010658 -4.795500 0.173821 0.024180 0.984480 -0.379100 0.000000 0.000000 0.000000 1.000000
0.985406 0.071427 -0.154506 -8.479700 -0.055163 0.992716 0.107112 -4.795500 0.161032 -0.097026 0.982168 -0.379100 0.000000 0.000000 0.000000 1.000000
0.988959 0.054134 -0.137950 -8.479700 -0.020374 0.971720 0.235257 -4.795500 0.146784 -0.229849 0.962093 -0.379100 0.000000 0.000000 0.000000 1.000000
0.991288 0.035025 -0.126968 -8.479700 0.009692 0.941984 0.335519 -4.795500 0.131353 -0.333826 0.933438 -0.379100 0.000000 0.000000 0.000000 1.000000
0.992493 0.026284 -0.119442 -8.479700 0.025995 0.908978 0.416034 -4.795500 0.119505 -0.416016 0.901471 -0.379100 0.000000 0.000000 0.000000 1.000000
0.993760 0.029492 -0.107567 -8.479700 0.025395 0.879252 0.475680 -4.795500 0.108608 -0.475444 0.873016 -0.379100 0.000000 0.000000 0.000000 1.000000
0.995072 0.036025 -0.092375 -8.479700 0.016037 0.860914 0.508498 -4.795500 0.097845 -0.507474 0.856094 -0.379100 0.000000 0.000000 0.000000 1.000000
0.996113 0.042447 -0.077184 -8.479700 0.005259 0.846009 0.533143 -4.795500 0.087929 -0.531477 0.842497 -0.379100 0.000000 0.000000 0.000000 1.000000
0.996347 0.050388 -0.068953 -8.479700 -0.004122 0.834828 0.550496 -4.795500 0.085303 -0.548200 0.831985 -0.379100 0.000000 0.000000 0.000000 1.000000
0.995320 0.064273 -0.072166 -8.479700 -0.010879 0.816539 0.577188 -4.795500 0.096024 -0.573702 0.813416 -0.379100 0.000000 0.000000 0.000000 1.000000
0.994802 0.073037 -0.070955 -8.479700 -0.013795 0.787055 0.616728 -4.795500 0.100890 -0.612544 0.783972 -0.379100 0.000000 0.000000 0.000000 1.000000
0.995404 0.067862 -0.067575 -8.479700 -0.006350 0.750825 0.660471 -4.795500 0.095558 -0.657006 0.747805 -0.379100 0.000000 0.000000 0.000000 1.000000
0.996035 0.053877 -0.070799 -8.479700 0.009845 0.724149 0.689574 -4.795500 0.088421 -0.687536 0.720747 -0.379100 0.000000 0.000000 0.000000 1.000000
0.996239 0.034334 -0.079558 -8.479700 0.029649 0.727667 0.685290 -4.795500 0.081420 -0.685071 0.723912 -0.379100 0.000000 0.000000 0.000000 1.000000
0.995800 0.006050 -0.091357 -8.479700 0.055410 0.754505 0.653950 -4.795500 0.072886 -0.656266 0.751001 -0.379100 0.000000 0.000000 0.000000 1.000000
0.993281 -0.030253 -0.111704 -8.479700 0.094078 0.773206 0.627138 -4.795500 0.067397 -0.633433 0.770857 -0.379100 0.000000 0.000000 0.000000 1.000000
0.988991 -0.053841 -0.137835 -8.479700 0.121989 0.823891 0.553463 -4.795500 0.083762 -0.564184 0.821389 -0.379100 0.000000 0.000000 0.000000 1.000000
0.986625 -0.065266 -0.149368 -8.479700 0.126838 0.882955 0.451999 -4.795500 0.102385 -0.464899 0.879424 -0.379100 0.000000 0.000000 0.000000 1.000000
0.985059 -0.071331 -0.156748 -8.479700 0.122113 0.931114 0.343680 -4.795500 0.121435 -0.357686 0.925913 -0.379100 0.000000 0.000000 0.000000 1.000000
0.984343 -0.075425 -0.159310 -8.479700 0.112215 0.965153 0.236404 -4.795500 0.135927 -0.250580 0.958506 -0.379100 0.000000 0.000000 0.000000 1.000000</float_array><technique_common><accessor source="#RightUpLeg-Matrix-animation-output-transform-array" count="32" stride="16"><param type="float4x4"/></accessor></technique_common></source><source id="RightUpLeg-Interpolations"><Name_array id="RightUpLeg-Interpolations-array" count="32">
 LINEAR LINEAR LINEAR LINEAR LINEAR LINEAR LINEAR LINEAR LINEAR LINEAR LINEAR
LINEAR LINEAR LINEAR LINEAR LINEAR LINEAR LINEAR LINEAR LINEAR LINEAR LINEAR LINEAR
LINEAR LINEAR LINEAR LINEAR LINEAR LINEAR LINEAR LINEAR LINEAR</Name_array><technique_common><accessor source="#RightUpLeg-Interpolations-array" count="32"><param type="name"/></accessor></technique_common></source><sampler id="RightUpLeg-Matrix-animation-transform"><input semantic="INPUT" source="#RightUpLeg-Matrix-animation-input"/><input semantic="OUTPUT" source="#RightUpLeg-Matrix-animation-output-transform"/><input semantic="INTERPOLATION" source="#RightUpLeg-Interpolations"/></sampler><channel source="#RightUpLeg-Matrix-animation-transform" target="RightUpLeg/matrix"/></animation>
    <animation id="RightLeg-anim" name="RightLeg"><source id="RightLeg-Matrix-animation-input"><float_array id="RightLeg-Matrix-animation-input-array" count="32">

0.000000 0.033333 0.066667 0.100000 0.133333 0.166667 0.200000 0.233333 0.266667 0.300000 0.333333 0.366667 0.400000 0.433333 0.466667 0.500000
